tree
version=v4
num_class=1
num_tree_per_iteration=1
label_index=0
max_feature_idx=42
objective=regression
feature_names=dS dP dZ dB dG dPS dPZ dSG dSB cstd cmean nn_real nn_aniso pstd zstd md_since hd_since frac dz dzdmd gr grm21 grs21 grm101 grs101 gres_S twgr_S twgr_P gr_anchor lk btS btP btZ btB btG btBlend btPS_ratio pfx_gr cutn npred slp700 slp50 tw_span
feature_infos=[-131.29631042480469:278.3438720703125] [-81.377578735351562:55.689685821533203] [-81.761482238769531:87.368362426757812] [-14.079648017883301:19.580194473266602] [-227.14004516601562:237.27702331542969] [-261.4783935546875:151.70989990234375] [-80.662109375:130.263671875] [-275.32223510742188:345.37295532226562] [-130.08859252929688:279.96368408203125] [0.051114495843648911:118.43827056884766] [-61.700630187988281:73.96331787109375] [0:7847.47216796875] [0:38806.25] [0.0034870256204158068:27.064628601074219] [0.10393737256526947:18.038066864013672] [1:10009] [0.98112177848815918:10001.2109375] [0:1] [-339.35000610351562:420.42001342773438] [-0.21500000357627869:0.1550000011920929] [19.463857650756836:234.51875305175781] [21.995609283447266:228.23255920410156] [0:76.317054748535156] [26.571304321289062:215.64289855957031] [0.57294481992721558:67.305671691894531] [-154.26072692871094:167.02201843261719] [25.639291763305664:207.95211791992188] [25.987913131713867:201.01289367675781] [-109.62628936767578:160.92088317871094] [10071.900390625:12824.3701171875] [0.083716988563537598:122.30381774902344] [0.27447542548179626:27.070512771606445] [0.34301504492759705:61.578544616699219] [0.19735600054264069:146.51863098144531] [0.03056047298014164:67.074966430664062] [0.44828763604164124:31.153240203857422] [0.013006723485887051:18.157138824462891] [5.5823068618774414:26.944284439086914] [1052:2362] [1615:10018] [-0.072946295142173767:0.068027257919311523] [-0.090717896819114685:0.33426281809806824] [322:1377.800048828125]
tree_sizes=8931 9023 9014 8959 9013

Tree=0
num_leaves=96
num_cat=0
split_feature=42 7 40 8 12 40 12 3 4 30 13 0 30 42 2 13 31 39 30 1 16 1 31 8 40 29 42 29 31 12 5 5 0 15 7 38 3 29 40 31 4 12 42 4 33 12 5 31 29 39 30 40 42 34 6 5 5 3 38 42 10 29 39 36 34 40 1 33 33 31 39 9 7 34 26 39 3 31 15 34 1 40 31 32 12 9 6 9 5 16 29 42 15 39 32
split_gain=1.19407e+07 9.99462e+06 5.84477e+06 4.48764e+06 3.88348e+06 2.92743e+06 2.89972e+06 2.67761e+06 2.43644e+06 2.33519e+06 1.71083e+06 2.13413e+06 1.60941e+06 1.53822e+06 1.54318e+06 1.46098e+06 1.20921e+06 1.7785e+06 1.08422e+06 1.07537e+06 1.03832e+06 999321 892041 1.13837e+06 930794 877461 1.1355e+06 1.16384e+06 873087 860772 5.25163e+06 1.02769e+06 989654 1.38243e+06 837313 760445 756677 661410 641782 641163 642075 628320 611755 594188 584684 582241 1.05829e+06 551441 539639 666035 525687 524067 526303 557352 779035 573153 535193 534789 492667 481137 492798 479000 431115 499323 425963 445576 466849 414432 714953 563669 486994 414170 406412 403417 386274 384344 400625 373077 381667 367460 364464 362133 355024 354528 353956 347552 345705 336854 335465 334278 334488 329598 327220 324430 339302
threshold=353.64999389648443 122.74952316284181 -0.010668246075510977 60.330732345581062 557.92361450195324 -0.012355337385088204 1323.9842529296877 2.0549803972244267 -120.43614959716795 11.16567373275757 14.274197101593019 -41.56446456909179 5.8199660778045663 1169.8899536132815 -17.147050857543942 12.073575973510744 7.1841576099395761 6541.5000000000009 22.952678680419925 1.3425976634025576 2543.3288574218755 17.625019073486332 5.3396892547607431 10.304737091064455 -0.057117903605103486 11129.915039062502 933.80999755859386 12494.055175781252 0.52924808859825145 215.27522277832034 35.922676086425788 -28.256587982177731 8.5987439155578631 3449.5000000000005 -109.49400329589842 1333.5000000000002 -1.8299609422683714 12238.200195312502 0.0017988746985793116 0.47064766287803655 63.520360946655281 763.73583984375011 1014.1600036621095 -34.233175277709954 8.1844201087951678 1626.2614746093752 81.678005218505874 0.40869252383708959 10891.544921875002 4404.5000000000009 5.8743934631347665 0.0056001802440732726 1085.215026855469 3.770315527915955 -17.478027343749996 10.078376293182375 30.244591712951664 -5.6948046684265128 1922.0000000000002 978.80499267578136 -7.3209257125854483 12555.754882812502 7341.0000000000009 3.9594540596008305 51.423639297485359 0.027009863406419757 -6.5459570884704581 2.5219444036483769 2.5844378471374516 5.1568171977996835 7631.0000000000009 17.32318210601807 20.170885086059574 6.6670937538146982 126.69724655151369 6963.5000000000009 -2.7049609422683711 1.5412484407424929 1508.5000000000002 8.5261969566345233 11.369316577911379 0.047770353034138686 0.85612237453460704 12.402789115905763 2057.828002929688 10.254593849182131 6.3481445312500009 33.480539321899421 -15.426442146301268 2152.1857910156255 12534.375000000002 828.75000000000011 941.50000000000011 5494.0000000000009 2.3096021413803105
decision_type=2 2 2 2 2 2 2 2 2 2 2 2 2 2 2 2 2 2 2 2 2 2 2 2 2 2 2 2 2 2 2 2 2 2 2 2 2 2 2 2 2 2 2 2 2 2 2 2 2 2 2 2 2 2 2 2 2 2 2 2 2 2 2 2 2 2 2 2 2 2 2 2 2 2 2 2 2 2 2 2 2 2 2 2 2 2 2 2 2 2 2 2 2 2 2
left_child=6 2 5 8 91 15 -1 -7 -4 10 16 -12 -6 14 18 22 29 -18 74 44 -15 -5 24 87 80 42 -27 34 -21 30 31 72 45 64 -28 -13 39 -36 -33 -26 58 -14 77 -9 -17 46 47 -31 49 92 -35 -49 53 54 -53 -56 88 -55 71 60 -40 -61 63 -59 65 -34 -67 69 85 -50 83 -41 -10 -30 -11 76 -37 -16 -79 -78 -2 -52 -57 93 -39 -69 -47 -24 -54 -25 -91 -3 -38 -70 -95
right_child=1 4 3 21 12 7 -8 43 9 13 11 35 41 20 25 19 17 -19 -20 28 -22 -23 23 89 36 26 27 -29 73 32 -32 38 33 50 37 75 48 84 59 40 -42 -43 -44 -45 -46 86 -48 51 67 -51 81 52 56 57 55 82 -58 62 -60 61 -62 -63 -64 -65 -66 66 -68 68 70 -71 -72 -73 -74 -75 -76 -77 79 78 -80 -81 -82 -83 -84 -85 -86 -87 -88 -89 -90 90 -92 -93 -94 94 -96
leaf_value=1.4347907116971916 0.46602135751603735 -0.56099471929570011 5.2662394418200069 1.3182944422032941 0.19275954373570758 0.45600250478178678 3.605496279746129 -1.7197481459325437 1.6075714571669213 1.2441591303619004 4.2710980104744145 2.0116237772931296 -2.6618665372841699 0.78994691253002103 0.74244771607102966 0.058730414821868526 0.70755198178163492 1.6893958359372063 0.17951711807500387 -1.4214703074146724 1.5377791010558401 2.427171187339634 0.47537000384629363 0.28454860881856453 -0.56725185414394708 0.37985512916229003 2.2618784213366228 0.42007770375614761 0.23346566365184129 0.19192632857568759 3.9918472039757136 0.97948259931256931 0.4049778518755176 0.34266328275263047 0.77147969772196612 0.29818720168442892 0.47002332467987079 1.2081692917566631 0.99537441179304975 0.41683637338493817 -0.46890497930664665 -1.5713595156728604 0.53487542385652553 -0.68633112636459281 0.99181275810796454 0.3717799214447135 4.8256767007714139 0.21936858934491327 0.47135497791485237 0.47059872186165874 0.11917722694160471 1.1138727308863372 -0.26661343487531552 0.89774738239533147 0.6182450246749297 0.36368341201116339 -0.17750637938762748 0.54396290638556855 0.83307921660056472 0.5532559574856436 0.59312282992474086 0.19472336075675173 0.88291812652978718 -0.091382535986250124 1.4628052877358626 1.08364985804561 0.57635728117439144 0.70993514932082313 0.6457959598859645 -0.29737024044701799 0.19121355404409868 0.11027252719382097 0.55681860848014175 -0.14073066205330931 2.2175388355031638 0.34755651032709467 1.0750405694994654 0.80897823735878838 1.2655060518459715 0.18480036043388676 0.97212486057590564 -0.45635431473052379 1.0311781086120901 0.2643087975749559 2.3596117831861809 1.7522569593174417 -0.32806770032930066 -0.18393040351241918 0.51676759924495386 -0.018982226217880149 -0.99788020584882475 0.47339891124818534 -0.28888974332978534 0.39549427199724951 0.62163947313357626
leaf_weight=2609 4747 976 280 4731 1073 6197 3758 1921 3733 15303 483 1511 1913 8131 10646 2505 45951 5124 2438 1016 10820 3568 55912 10677 1826 37080 1098 18920 16273 8821 1183 10580 40919 37796 29920 2193 1906 4334 10335 67894 2178 4412 10153 5104 5076 16666 144 9188 84433 16918 18122 10816 1422 11783 89255 2313 3342 169249 6096 38136 28899 12324 9237 3147 1231 5035 45448 1386 122795 2451 8234 13150 1221 12934 1091 3214 16788 6994 13277 1243 14179 3219 14289 8324 788 1891 1971 2004 33358 16425 920 3612 5580 33168 33172
leaf_count=2609 4747 976 280 4731 1073 6197 3758 1921 3733 15303 483 1511 1913 8131 10646 2505 45951 5124 2438 1016 10820 3568 55912 10677 1826 37080 1098 18920 16273 8821 1183 10580 40919 37796 29920 2193 1906 4334 10335 67894 2178 4412 10153 5104 5076 16666 144 9188 84433 16918 18122 10816 1422 11783 89255 2313 3342 169249 6096 38136 28899 12324 9237 3147 1231 5035 45448 1386 122795 2451 8234 13150 1221 12934 1091 3214 16788 6994 13277 1243 14179 3219 14289 8324 788 1891 1971 2004 33358 16425 920 3612 5580 33168 33172
internal_value=0.556704 0.547397 0.559151 0.638431 -0.890387 0.433478 2.71684 -0.301703 0.627649 0.626175 0.586712 0.98947 -1.59892 0.792267 0.739314 0.451026 0.571956 0.806114 1.16294 0.150998 1.21701 1.79554 0.472998 0.325928 0.50237 0.679414 0.593735 0.737774 0.0174495 0.553361 0.68327 0.645978 0.527606 0.419476 0.904092 0.9255 0.486597 0.861405 0.611235 0.35949 0.378473 -1.90255 0.871615 -0.969773 0.683418 0.570233 0.584102 0.582399 0.522773 0.296802 0.230617 0.59204 0.601876 0.623429 0.709736 0.668429 0.426567 0.571366 0.399687 0.567785 0.699109 0.465674 0.550187 0.532354 0.54005 0.527593 0.626981 0.541415 0.579573 0.44964 0.567894 0.367079 1.34875 0.0677022 1.30923 0.855303 0.936013 0.98219 1.10805 1.01362 0.84519 0.0322358 0.938164 0.583607 1.38627 1.31195 0.297635 0.45252 0.48467 0.0643264 -0.0711642 0.252766 -0.0957765 0.597664 0.508572
internal_weight=1.48491e+06 1.47854e+06 1.46655e+06 899261 11986 567292 6367 13222 890962 890682 719689 25432 7398 170993 152042 554070 694257 51075 18832 37804 18951 8299 516266 85938 430328 133210 92140 55060 30223 643182 106411 105228 536771 151770 36140 24949 411402 35042 100274 91144 89318 6325 41070 7025 7581 385001 366364 366220 320258 24404 59137 357399 348211 310089 116673 105857 38122 193416 87140 89694 39234 50460 181633 172396 92633 91402 50483 295854 208970 86884 205693 81044 4954 29207 16394 23438 20224 30917 20271 18031 18926 21341 16602 197459 5122 3277 18637 57916 34780 28022 17345 4588 7486 189135 66340
internal_count=1484906 1478539 1466553 899261 11986 567292 6367 13222 890962 890682 719689 25432 7398 170993 152042 554070 694257 51075 18832 37804 18951 8299 516266 85938 430328 133210 92140 55060 30223 643182 106411 105228 536771 151770 36140 24949 411402 35042 100274 91144 89318 6325 41070 7025 7581 385001 366364 366220 320258 24404 59137 357399 348211 310089 116673 105857 38122 193416 87140 89694 39234 50460 181633 172396 92633 91402 50483 295854 208970 86884 205693 81044 4954 29207 16394 23438 20224 30917 20271 18031 18926 21341 16602 197459 5122 3277 18637 57916 34780 28022 17345 4588 7486 189135 66340
is_linear=0
shrinkage=1


Tree=1
num_leaves=96
num_cat=0
split_feature=42 40 5 18 8 9 18 40 30 4 13 0 13 42 4 0 1 29 42 31 39 29 1 15 33 15 41 40 12 5 0 15 31 35 4 5 41 29 6 42 4 40 40 30 41 5 5 32 3 42 12 33 31 33 40 30 29 40 29 42 6 29 13 27 12 18 35 4 1 40 30 41 30 6 9 12 9 1 5 39 3 9 34 42 3 12 0 12 34 5 31 0 34 17 16
split_gain=1.09201e+07 6.71886e+06 8.20017e+06 3.32745e+06 3.26148e+06 3.10306e+06 2.59944e+06 2.07975e+06 1.98707e+06 2.27245e+06 1.5488e+06 1.81268e+06 1.40666e+06 1.39684e+06 1.36203e+06 1.24633e+06 1.15841e+06 1.14661e+06 1.17042e+06 1.12306e+06 1.66197e+06 1.07909e+06 970826 932482 915688 899822 834263 828423 770359 4.66146e+06 863667 1.17301e+06 766982 727996 822767 712139 709501 674546 639455 895591 745640 671184 599598 574557 563634 995425 607743 783869 549076 537528 533794 531777 527808 490536 523730 720655 557968 488114 485757 468228 450412 449857 438310 414803 405396 402378 397976 397843 396999 389670 371177 369707 368775 367473 357413 342177 341554 338163 335508 335492 345455 332469 326086 324061 313736 308607 302346 297638 319452 745301 297020 296769 292704 322556 290561
threshold=353.64999389648443 -0.010668246075510977 -46.172399520874016 25.115000724792484 60.330732345581062 40.839120864868171 -145.57500457763669 -0.011859001591801642 11.16567373275757 -120.43614959716795 14.274197101593019 -41.56446456909179 12.073575973510744 1169.8899536132815 60.383598327636726 0.51421898603439342 -20.661348342895504 11129.915039062502 933.80999755859386 7.1841576099395761 6541.5000000000009 12494.055175781252 1.3425976634025576 2553.5000000000005 4.7518365383148202 4988.5000000000009 -0.023247523233294484 -0.057117903605103486 208.79120635986331 35.922676086425788 8.4167013168334979 3084.5000000000005 0.52924808859825145 1.3331922292709353 15.922831535339357 -18.889245986938473 -0.043283687904477113 12238.200195312502 5.1420898437500009 676.82501220703136 63.520360946655281 -0.04209549352526664 -0.027921603061258789 5.7496407032012948 -0.030455183237791058 35.922676086425788 30.244591712951664 1.1906443238258364 -2.1248046159744258 978.80499267578136 929.12805175781261 8.1844201087951678 5.0322451591491708 17.883082389831547 0.04591519013047219 1.3745079636573794 11229.610351562502 -0.036155503243207925 10996.350097656252 750.20498657226574 -42.441406249999993 12555.754882812502 2.0243940353393559 106.29064941406251 227.06413269042972 111.7150001525879 4.0726232528686532 40.659063339233406 -27.112030982971188 0.062236376106739051 2.4302027225494389 0.016339304856956009 12.955035686492922 -27.362792968749996 9.3896350860595721 2057.828002929688 10.108963489532472 2.0665040016174321 19.516327857971195 6963.5000000000009 -2.7049609422683711 21.529988288879398 8.5261969566345233 802.84500122070324 2.195195317268372 695.90612792968761 -11.048112869262694 1923.9669189453127 2.7891781330108647 -26.472306251525875 0.70337030291557323 -30.267355918884274 1.4340714216232302 0.35814253985881811 1283.108581542969
decision_type=2 2 2 2 2 2 2 2 2 2 2 2 2 2 2 2 2 2 2 2 2 2 2 2 2 2 2 2 2 2 2 2 2 2 2 2 2 2 2 2 2 2 2 2 2 2 2 2 2 2 2 2 2 2 2 2 2 2 2 2 2 2 2 2 2 2 2 2 2 2 2 2 2 2 2 2 2 2 2 2 2 2 2 2 2 2 2 2 2 2 2 2 2 2 2
left_child=6 2 5 7 8 -2 -1 12 9 -3 19 -12 26 16 58 -5 25 24 65 28 92 37 51 -15 62 72 35 84 29 33 44 67 -24 34 -11 -4 -13 -20 40 42 60 -41 57 64 45 68 53 -48 71 74 -7 -14 -50 54 55 -46 76 -40 -6 -37 -29 -51 -18 -26 -33 -19 -42 69 -30 73 -34 86 -10 -32 -35 -39 -57 -59 -61 80 -38 -45 -82 85 -28 -72 -43 88 89 -62 -56 -47 -21 -94 -9
right_child=1 4 3 15 14 50 -8 94 13 10 11 36 22 23 -16 -17 17 18 21 20 -22 -23 32 -25 63 -27 27 38 30 -31 31 43 70 49 -36 59 79 75 39 41 66 48 -44 81 46 91 47 -49 52 61 -52 -53 -54 -55 90 56 -58 77 -60 78 87 -63 -64 -65 -66 -67 -68 -69 -70 -71 83 -73 -74 -75 -76 -77 -78 -79 -80 -81 82 -83 -84 -85 -86 -87 -88 -89 -90 -91 -92 -93 93 -95 -96
leaf_value=2.8993479169703908 -0.056947865574190494 4.4703586795594559 -0.72711224878460246 -0.66960540682799419 0.81278957216942982 -3.1356894811952332 0.8476890205832488 -0.36256926734294748 0.77468317857870672 0.12683871902273133 3.4841726411629126 1.282956608971463 -0.47415033076102464 0.22203647264211288 1.7349012954833498 -2.2538036001648765 0.33770124768209592 -0.094164947892317399 0.21776209041886513 -0.13194733324499272 1.0806643303074233 -0.12225127327678172 -1.8752455044763878 0.9319558855555814 0.0836517083446391 1.5302156320687343 0.070449904434226177 -1.3759600610495317 0.74795458872580456 3.260035498836527 0.91703830434535905 0.49380406459794424 0.0046470172130637115 0.030326345534548119 0.856440349419472 -0.48467878563287992 -0.24355132603621335 0.62172229039714177 -0.25721815010915422 -0.33635324174438691 -0.23992441786806987 -0.55033564381518019 -0.19810458720660692 -0.35402713144991904 0.3399395722389435 4.062088016279592 0.71778277079565367 -0.46202028585523547 0.085618772189927819 0.0073469927008297381 -2.0514264300235894 0.41653728249270722 -0.2630504077573268 -0.45084477094066006 -0.54986233697051101 0.041455318045006385 -0.054534179098667063 -0.43627789063103467 -0.18451852107585121 -0.15720974305391311 0.91599560152865855 -0.34306349940103664 1.0053125592923453 0.42723512266632818 -0.19846420969735845 -0.48418040900285386 -0.94970614847080204 0.99680558029858612 0.10747510046639466 0.63385482443298502 -0.49380061547220122 -0.45113354448137288 0.10573409916428451 -0.040398979131599705 0.36056336934192479 1.7080399722838135 0.23178328006781262 -1.0955112001662413 0.35961022308964591 -0.19693872244894942 0.48456244766624962 -0.7595637820811052 -0.35898099336534284 -0.26136679582314376 0.45153330819445947 -0.91531191056599204 0.12067308013979666 -0.22397212823138576 -0.02298296543756927 0.070966768976156266 -0.093910296936059526 1.5061451563974031 0.017391851035635515 0.3175336528863375 -1.3034681866324023
leaf_weight=3780 1978 285 6858 2680 4066 1590 2614 1031 3945 10901 468 1893 2481 8152 3762 2316 4012 30923 27732 7986 5268 19472 979 10697 22806 2372 11602 597 2534 1168 1012 2218 3844 18021 5984 10829 2159 7970 5390 22175 6107 2164 18924 20207 18810 146 1581 12678 65928 36381 4123 5148 12990 5853 3818 76845 124019 3000 1743 43624 2734 12238 6364 14287 44301 8410 2918 990 52284 2282 13546 11443 4311 79340 15022 796 34000 5562 3381 3216 16502 6743 1229 8565 10104 6402 7448 14589 191153 55959 54818 512 14615 23098 4072
leaf_count=3780 1978 285 6858 2680 4066 1590 2614 1031 3945 10901 468 1893 2481 8152 3762 2316 4012 30923 27732 7986 5268 19472 979 10697 22806 2372 11602 597 2534 1168 1012 2218 3844 18021 5984 10829 2159 7970 5390 22175 6107 2164 18924 20207 18810 146 1581 12678 65928 36381 4123 5148 12990 5853 3818 76845 124019 3000 1743 43624 2734 12238 6364 14287 44301 8410 2918 990 52284 2282 13546 11443 4311 79340 15022 796 34000 5562 3381 3216 16502 6743 1229 8565 10104 6402 7448 14589 191153 55959 54818 512 14615 23098 4072
internal_value=7.33426e-06 -0.00891771 -0.142643 -0.120624 0.0760978 -1.76399 2.06138 -0.10919 0.0662636 0.0298323 0.0280588 0.411012 -0.099972 0.218844 0.994044 -1.40491 0.168926 0.13143 0.0314245 0.0140381 0.239977 0.178309 -0.381964 0.625007 0.332194 0.672454 -0.0775601 -0.0534626 -0.00382449 0.12395 -0.0272034 -0.12611 -0.498398 0.0866819 0.385514 -0.245466 0.353068 0.338658 -0.0687083 -0.149864 -0.0228002 -0.0875117 -0.381501 -0.271871 0.0128528 0.160386 -0.0117693 -0.331083 -0.0323077 0.0248814 -2.35468 0.126807 0.0282195 0.00254426 0.0110455 0.0421754 0.0183238 -0.630157 0.513604 -0.188317 -0.00757857 -0.0808713 0.747345 0.216013 -0.165427 -0.177587 -0.469654 0.00195638 0.137121 -0.00999817 -0.45657 -0.259147 0.425547 -0.0283066 0.180478 0.720917 0.0998402 -0.864759 -0.120015 0.276729 0.353334 -0.455567 0.426042 -0.518743 0.24788 -0.629196 -0.030519 -0.00447367 0.0083458 0.110374 -0.123626 2.08914 0.143001 0.20123 -1.1137
internal_weight=1.48387e+06 1.47748e+06 574234 566543 903245 7691 6394 561547 893674 721425 721140 25467 556444 172249 9571 4996 153400 142772 95303 695673 50967 55970 40965 18849 47469 10628 515479 450787 644706 99715 544991 157093 33336 98547 16885 64692 24999 36498 429081 155024 274057 122148 32876 73469 387898 55476 332422 14259 99973 81662 5713 7629 78918 318163 312310 253674 234864 13952 5809 57834 265032 48619 10376 37093 46519 39333 9025 83624 54818 82634 32357 21055 8256 80352 33043 8766 110845 8562 47005 23106 19890 26950 17731 28513 21706 19948 9612 264435 249846 58693 58636 658 45699 37713 5103
internal_count=1483873 1477479 574234 566543 903245 7691 6394 561547 893674 721425 721140 25467 556444 172249 9571 4996 153400 142772 95303 695673 50967 55970 40965 18849 47469 10628 515479 450787 644706 99715 544991 157093 33336 98547 16885 64692 24999 36498 429081 155024 274057 122148 32876 73469 387898 55476 332422 14259 99973 81662 5713 7629 78918 318163 312310 253674 234864 13952 5809 57834 265032 48619 10376 37093 46519 39333 9025 83624 54818 82634 32357 21055 8256 80352 33043 8766 110845 8562 47005 23106 19890 26950 17731 28513 21706 19948 9612 264435 249846 58693 58636 658 45699 37713 5103
is_linear=0
shrinkage=0.05


Tree=2
num_leaves=96
num_cat=0
split_feature=42 7 40 8 5 40 18 37 37 11 39 3 42 37 18 39 38 6 1 39 4 38 2 2 1 35 34 11 32 6 31 3 31 30 38 40 31 0 9 33 37 29 38 8 5 33 4 8 38 7 37 11 11 11 3 0 34 40 42 6 5 16 35 42 31 37 1 4 32 18 40 30 18 29 0 1 29 1 33 37 37 5 31 5 38 3 0 38 40 31 39 30 6 2 33
split_gain=9.83017e+06 8.39462e+06 4.74766e+06 3.62296e+06 3.16395e+06 2.41508e+06 2.35234e+06 2.33958e+06 3.30056e+06 5.02465e+06 2.30349e+06 2.24748e+06 1.52004e+06 1.79938e+06 1.56282e+06 1.17673e+06 1.09641e+06 1.04592e+06 946087 967892 908633 858856 849780 847908 830090 769998 749914 736598 713647 682873 682557 676833 686336 752706 675577 611044 609142 706972 604509 971934 709596 604233 570019 561318 613865 559601 677384 541831 517726 505096 480834 475347 457616 427979 402202 400738 396995 602450 517866 875679 485956 396602 388295 386967 378977 376797 372311 367470 366389 363732 360921 637951 358892 385072 356387 354215 350218 347096 337134 331838 395997 328844 319218 317918 315557 311274 297014 293259 288580 514446 367890 283596 282005 281313 279879
threshold=353.64999389648443 122.74952316284181 -0.010668246075510977 60.330732345581062 -46.172399520874016 -0.012355337385088204 -145.57500457763669 14.445416927337648 14.526647090911867 405.25990295410162 5608.0000000000009 2.0549803972244267 958.55999755859386 15.824622631073 99.604999542236342 6050.5000000000009 1414.0000000000002 -42.441406249999993 35.987577438354499 9064.5000000000018 23.484562873840336 1739.5000000000002 -27.251347541809078 -54.36353683471679 18.024277687072757 6.0587716102600107 6.0708322525024423 2057.977172851563 51.392713546752937 -21.904785156249996 4.9088244438171396 -1.8299609422683714 5.3396892547607431 2.341295719146729 1295.0000000000002 -0.057117903605103486 7.1841576099395761 17.406844139099125 16.756264686584476 17.707963943481449 9.4825801849365252 12805.245117187502 1933.5000000000002 28.761569023132328 24.886602401733402 1.2781000733375552 10.540534973144533 -50.913688659667962 1940.0000000000002 42.666707992553718 10.40916681289673 536.01049804687511 1766.9082031250002 184.9783630371094 0.48031249642372137 13.14504909515381 2.7891781330108647 -0.041051510721445077 641.95498657226574 8.9506835937500018 -26.472306251525875 1033.8144531250002 1.3973954319953921 810.44000244140636 7.146477699279786 16.429944992065433 -1.0000000180025095e-35 -25.440438270568844 4.4297969341278085 -56.485000610351555 0.040240362286567695 17.938108444213871 100.95499801635744 10777.375000000002 -15.82621383666992 11.369316577911379 12753.314941406252 -4.5309178829193106 1.7924228906631472 20.554669380187992 19.655953407287601 -20.503766059875485 5.3562831878662118 -28.256587982177731 1406.5000000000002 -5.3747265338897696 59.865320205688484 1645.5000000000002 0.021033235825598243 2.4924738407135014 4315.5000000000009 9.7241635322570819 20.570312500000004 -3.0147266387939449 2.6337347030639653
decision_type=2 2 2 2 2 2 2 2 2 2 2 2 2 2 2 2 2 2 2 2 2 2 2 2 2 2 2 2 2 2 2 2 2 2 2 2 2 2 2 2 2 2 2 2 2 2 2 2 2 2 2 2 2 2 2 2 2 2 2 2 2 2 2 2 2 2 2 2 2 2 2 2 2 2 2 2 2 2 2 2 2 2 2 2 2 2 2 2 2 2 2 2 2 2 2
left_child=6 2 5 7 21 18 -1 15 9 -9 16 -7 13 20 27 29 -10 74 19 23 22 86 -12 66 -5 43 -15 61 45 34 -6 38 35 -34 -4 75 41 -38 40 51 63 70 -16 44 77 -18 47 -47 -39 -13 54 -40 56 -27 -36 -35 57 81 59 -58 -59 -14 92 -25 79 -63 -2 -30 -54 -64 76 72 -72 -74 -17 -33 85 -19 -24 80 91 -37 -32 -42 -61 -31 -3 -20 89 -87 -90 -49 -62 -93 -60
right_child=1 4 3 24 30 11 -8 8 10 -11 12 49 14 26 42 17 28 25 87 -21 -22 -23 78 31 -26 53 -28 -29 67 36 82 32 33 55 50 52 37 48 39 -41 83 -43 -44 -45 -46 46 -48 64 -50 -51 -52 -53 68 -55 -56 -57 58 60 94 84 62 65 69 -65 -66 -67 -68 -69 -70 -71 71 -73 73 -75 -76 -77 -78 -79 -80 -81 -82 -83 -84 -85 -86 88 -88 -89 90 -91 -92 93 -94 -95 -96
leaf_value=2.7532741831675196 -0.55087633529271052 -2.9735184926806757 1.337719754259304 0.68206804372299945 -0.12398557099053593 -0.081346970092296148 0.79587887989707684 3.3794984156521508 0.84530835644608249 0.38836045444091039 1.6440411149573646 -1.1135211966271734 0.068439910834097298 0.20492814382327321 0.62624889219071633 1.9968155713361089 -0.19411900951711025 0.036914739324316964 -0.7441987668358333 -0.64695600292405242 0.7587333733783278 -1.1077163437480182 -0.016188327963358406 -0.56460944649160139 1.6940954593351891 0.6925138152027065 -0.32760070456178747 -0.46579236662272355 -1.1501814406315691 0.39334639474789124 -2.3075966462285531 -0.11476895678745609 0.065034367241203067 -0.18541526240422246 -0.34418420831143193 -0.92727898226938221 0.11726801135305034 0.18327603465417708 -0.35011352379481192 0.40230934091205905 0.63139483189434564 0.42056761014451194 1.1343143755061382 -0.58344746376567502 -0.51234720285670721 2.6774876335184357 0.25812488149303531 -0.024620835718349058 1.0473186826470635 -2.0454109343365925 0.38051319574010983 -0.83406128265655488 -0.85919323301894746 0.047637561182700822 0.74644124684106306 -0.47412706422853329 -0.072163418218226028 1.0080957312847247 -0.11639055222562392 -0.45825777209719104 0.00036919871667804525 0.68739502482017534 0.28924462992080868 -0.12026864565324072 -0.27631787924525786 0.2611142705769755 -1.84437461205418 -0.1955282646529185 -0.16653029295571564 0.016608564873742741 -0.021934662992811601 0.66508660790276031 0.36259291306513131 -0.26491586640267822 0.41188151002960444 0.38449575196370556 -0.19115067436292588 -0.17242388378965667 0.29586567552356463 -0.17744950011035721 0.38033550052231746 -0.16403986328716105 -0.84766289172988207 -0.052112841838014123 -1.1003146574930858 0.0054696970971130267 -2.1343966171984476 -0.24833121641321504 -0.16657256622868855 0.27988162499844382 0.033228238966732986 0.64341399943651245 -0.51587768247229926 0.1149334642395258 0.01054741216791294
leaf_weight=3783 1587 1693 1490 4766 4082 6220 2587 1980 4009 4812 1038 5078 9069 9925 17017 730 24869 26939 6941 7566 10311 1641 12672 11515 3531 2935 19786 3094 1910 6245 543 4726 22188 36519 4778 1683 32042 3078 15392 3344 1749 8708 8184 8205 10863 186 33910 55525 3971 2047 15850 7573 2795 20704 1024 17918 19147 1500 62391 5445 21627 9925 30278 8531 11293 10861 857 2134 6016 20527 52188 2749 2619 36254 691 14291 16787 74719 27301 16212 9136 8674 1213 58737 2955 40693 2970 5233 27722 29430 136309 3022 3011 15040 142821
leaf_count=3783 1587 1693 1490 4766 4082 6220 2587 1980 4009 4812 1038 5078 9069 9925 17017 730 24869 26939 6941 7566 10311 1641 12672 11515 3531 2935 19786 3094 1910 6245 543 4726 22188 36519 4778 1683 32042 3078 15392 3344 1749 8708 8184 8205 10863 186 33910 55525 3971 2047 15850 7573 2795 20704 1024 17918 19147 1500 62391 5445 21627 9925 30278 8531 11293 10861 857 2134 6016 20527 52188 2749 2619 36254 691 14291 16787 74719 27301 16212 9136 8674 1213 58737 2955 40693 2970 5233 27722 29430 136309 3022 3011 15040 142821
internal_value=-0.00041472 -0.00886236 0.00198209 0.0734206 -1.31799 -0.11134 1.95908 0.0637337 0.171115 1.26144 0.1477 -0.775931 0.299935 0.159951 0.494986 0.00259769 0.0281543 -0.119864 -0.0953137 -0.0855095 0.339214 -2.09446 0.23369 -0.077548 1.11322 -0.133162 -0.149706 0.268255 0.00922963 0.0449107 -0.478889 -0.0732712 -0.0449603 -0.180422 0.308946 -0.0151223 0.0295866 0.21703 -0.185755 -0.393825 -0.117768 0.00921445 0.791358 -0.184259 -0.155135 0.0249243 0.0626717 0.00263933 0.670267 -1.382 0.237974 -0.50979 -0.031058 0.127783 -0.151412 -0.280466 -0.0212702 0.0696554 -0.0553737 -0.25892 0.117848 0.344367 0.100108 -0.375557 -0.00194697 0.464727 -1.00615 -0.646934 -0.386473 0.179098 -0.000994475 -0.0849435 -0.107607 -0.222614 1.22859 0.260423 0.029627 -0.11695 0.196946 0.0293787 0.0699177 -0.288298 -1.30228 -0.0323183 -0.684437 0.0450461 -2.44077 -0.531164 0.0357518 0.120645 -0.000541438 0.0313647 -0.0627761 0.203447 -0.0280469
internal_weight=1.48464e+06 1.47826e+06 1.46612e+06 899241 12142 566882 6370 890944 323221 6792 316429 13345 139183 81033 58150 567723 177246 145786 553537 541363 51322 6304 41011 533797 8297 144365 29711 32949 173237 421937 5838 531353 424512 76625 23142 347887 398795 39091 106841 26309 80532 359704 25201 120726 112521 169193 144324 110414 7049 7125 21652 22965 328870 23639 5802 54437 320059 87300 232759 27547 76943 29855 75443 20046 110228 20786 2444 4044 8811 50805 350996 93810 91061 38873 1421 19017 257186 101658 39973 98935 82723 10357 1756 60486 8400 240399 4663 12174 234154 70123 164031 73587 24638 18062 205212
internal_count=1484635 1478265 1466123 899241 12142 566882 6370 890944 323221 6792 316429 13345 139183 81033 58150 567723 177246 145786 553537 541363 51322 6304 41011 533797 8297 144365 29711 32949 173237 421937 5838 531353 424512 76625 23142 347887 398795 39091 106841 26309 80532 359704 25201 120726 112521 169193 144324 110414 7049 7125 21652 22965 328870 23639 5802 54437 320059 87300 232759 27547 76943 29855 75443 20046 110228 20786 2444 4044 8811 50805 350996 93810 91061 38873 1421 19017 257186 101658 39973 98935 82723 10357 1756 60486 8400 240399 4663 12174 234154 70123 164031 73587 24638 18062 205212
is_linear=0
shrinkage=0.05


Tree=3
num_leaves=96
num_cat=0
split_feature=7 8 37 38 36 5 31 11 33 30 30 16 29 10 12 32 5 6 7 1 30 6 12 33 18 34 29 1 38 7 31 34 34 38 11 0 16 10 8 34 5 15 19 0 2 12 6 34 7 32 2 29 3 2 5 38 30 37 29 10 0 18 10 32 29 38 9 29 31 16 12 9 0 31 7 1 18 16 38 32 6 30 30 1 10 1 5 3 2 9 15 37 8 38 3
split_gain=7.42877e+06 6.93237e+06 2.93591e+06 2.85371e+06 2.83652e+06 2.83584e+06 2.55713e+06 5.38458e+06 1.6513e+06 1.41909e+06 1.755e+06 1.77243e+06 1.61455e+06 1.33063e+06 1.24972e+06 1.07586e+06 1.48918e+06 937535 879976 1.10814e+06 846603 829414 806509 776702 772241 752921 749602 733381 713268 781766 607042 586863 569747 562973 545802 542939 625357 986110 563731 503434 486880 479369 471236 453295 437621 432906 411172 408440 574168 421398 452424 463576 403437 401977 397752 374530 465237 368296 364779 354278 349556 347003 342604 341377 382296 342120 328567 320305 313245 378032 312436 293089 290891 280694 275401 274752 274728 274475 273735 271901 268175 278693 384558 259824 259370 276146 256826 254436 260895 250490 250068 247687 244714 244570 241117
threshold=122.74952316284181 60.330732345581062 13.796271800994875 1141.5000000000002 1.8935915231704714 -46.172399520874016 0.50421869754791271 348.32017517089849 1.0253974795341494 9.7241635322570819 14.868685245513918 3007.759887695313 11178.685058593752 25.313165664672855 1154.1265258789065 1.7055363655090334 -27.323942184448239 65.835449218750014 84.81207656860353 -19.301796913146969 9.5149989128112811 -21.081542968749996 1323.9842529296877 9.2411241531372088 213.64499664306643 5.3756208419799814 12805.245117187502 -5.5878124237060538 1295.0000000000002 -109.49400329589842 4.9088244438171396 7.2217838764190683 18.995078086853031 1745.5000000000002 265.22543334960943 7.6968796253204355 3216.7521972656255 -13.725690841674803 25.297233581542972 3.763107538223267 -34.826332092285149 2396.5000000000005 -0.0075000000651925794 -0.12113275006413458 18.246757507324222 1499.3757324218752 -33.881835937499993 13.113644123077394 16.399663925170902 3.4061005115509038 -10.858554840087889 11392.259765625002 -5.1948046684265128 14.429746150970461 -15.708646297454832 1750.0000000000002 1.8880084753036501 12.963833808898928 12755.909667968752 -18.818015098571774 -5.1846871376037589 63.145000457763679 -21.024873733520504 1.7236889004707339 12792.799804687502 1333.5000000000002 9.2502355575561541 11207.554687500002 0.44581188261508947 3131.0468750000005 610.84884643554699 36.290798187255866 2.3689280748367314 5.3562831878662118 4.1481647491455087 -19.921758651733395 78.475002288818374 5202.7849121093759 1759.5000000000002 0.89194133877754223 32.167480468750007 1.2199879884719851 1.2477459311485293 -17.539043426513668 -8.0488147735595685 10.767051219940187 4.7930603027343759 -1.6697070598602293 -30.829004287719723 12.339617729187013 1977.5000000000002 14.130964279174806 -41.367136001586907 1501.0000000000002 3.1801953315734868
decision_type=2 2 2 2 2 2 2 2 2 2 2 2 2 2 2 2 2 2 2 2 2 2 2 2 2 2 2 2 2 2 2 2 2 2 2 2 2 2 2 2 2 2 2 2 2 2 2 2 2 2 2 2 2 2 2 2 2 2 2 2 2 2 2 2 2 2 2 2 2 2 2 2 2 2 2 2 2 2 2 2 2 2 2 2 2 2 2 2 2 2 2 2 2 2 2
left_child=1 2 13 14 33 22 7 92 45 15 11 54 61 17 -4 16 31 18 21 -20 47 28 94 46 55 39 32 62 -1 77 -7 -10 35 -3 78 42 37 -37 -38 -15 57 -22 44 -21 59 72 -14 49 -49 50 -17 -52 -44 -6 91 56 -18 -39 -34 79 -41 -12 -13 -42 65 86 -53 70 69 -54 -36 93 -8 -32 -25 -69 -28 -30 -31 -23 81 -70 -83 -67 85 -48 -65 -61 -89 -9 -57 -11 -5 -51 -2
right_child=5 4 3 6 53 30 8 89 9 10 12 27 23 25 -16 20 24 -19 19 43 41 26 -24 74 -26 -27 76 -29 29 34 73 -33 58 -35 67 36 38 40 -40 60 63 -43 52 -45 -46 -47 84 48 -50 71 51 66 68 -55 -56 90 -58 -59 -60 87 -62 -63 -64 64 -66 83 -68 75 80 -71 -72 -73 -74 -75 -76 -77 -78 -79 -80 -81 -82 82 -84 -85 -86 -87 -88 88 -90 -91 -92 -93 -94 -95 -96
leaf_value=1.2542591813067783 -2.0493433356686146 -0.20139335668717939 0.75331215986980815 3.7508684657276543 2.6230151821038663 -0.11271366583961001 -0.02079090172410775 -0.047856196195094118 -0.53095444673394676 1.0877818446032499 0.21913162960788668 1.7740133097518234 -0.62778984817545158 -0.30164044499196829 2.5880193605193567 -0.28390185659564754 0.33908127185957215 -1.6776533063541761 -2.067901470083326 0.46921707053903694 -0.13282852605968951 -1.1228394968293323 -1.0493982985054437 0.13309200697024232 1.0411510542422906 -0.030010681467798409 0.12092231616367842 0.49411303077432439 0.66180741602619653 -0.047785852601045314 -2.1989047996127127 0.99875475695798566 0.17933820909868403 0.8280009534788273 0.069989682824746616 -1.7294697143271041 -0.15734023931024207 -0.12517856814425302 -0.44292487225137767 -0.43074850562669464 0.035413105575961001 -0.91886989454025181 0.38764047553673042 -0.43994630344788566 -0.43928690718109548 -0.68524980673970592 -0.40664159616493045 -0.022409400003926831 -0.46837223499583908 -0.11274604207711947 0.16067667068674851 -0.0061314862974110197 -0.49976976803529638 1.695106856709435 0.12409542439620497 0.072464979460523229 -0.03042762085880998 1.126843927365083 -0.32846206447658161 -0.17456842102845072 -1.1609539429906133 0.68657971181117716 0.93869500848142351 -0.16778204367790994 0.57448869883347953 -1.3140014512859866 -0.32114616540759905 0.20944654029148313 0.19436716611905924 0.38248534857991806 0.80976508128250946 0.47785562240073443 -0.29362529267859183 -0.80659933611117829 0.55091638057511094 -0.30232623049633911 0.60679373648435586 1.9424944961827633 0.68035298847889636 -0.28651955441401417 0.46423718600709618 -0.38267608860880581 -0.0029228417941841991 -0.11361040712472331 -0.023654100111873494 0.32994120222827639 -1.2851988419253695 0.65000571871880464 -0.042146568482166309 1.2164653856857965 0.42158759886161007 0.38499013474803984 2.6009228491070653 0.095164358843254068 -2.8209196467921553
leaf_weight=1541 2910 1727 2574 1101 2337 4115 17767 3782 688 1538 6219 1394 3724 5137 1452 17811 10353 877 979 1575 3868 1176 1712 15810 2241 6617 6196 13082 1033 1740 520 6877 36175 5734 8094 878 76581 956 22315 2357 55951 3890 6744 10470 8635 4560 9058 23842 10348 16159 26526 24304 6010 2391 29699 8624 48008 1518 3917 41802 5415 10995 10439 957 1943 450 12550 3510 17325 1519 1730 4539 21702 1198 5253 10349 5485 706 4992 5555 3140 6834 267340 93641 38955 1478 1111 1370 161982 434 12659 6768 867 113336 1614
leaf_count=1541 2910 1727 2574 1101 2337 4115 17767 3782 688 1538 6219 1394 3724 5137 1452 17811 10353 877 979 1575 3868 1176 1712 15810 2241 6617 6196 13082 1033 1740 520 6877 36175 5734 8094 878 76581 956 22315 2357 55951 3890 6744 10470 8635 4560 9058 23842 10348 16159 26526 24304 6010 2391 29699 8624 48008 1518 3917 41802 5415 10995 10439 957 1943 450 12550 3510 17325 1519 1730 4539 21702 1198 5253 10349 5485 706 4992 5555 3140 6834 267340 93641 38955 1478 1111 1370 161982 434 12659 6768 867 113336 1614
internal_value=-0.000124869 0.0100051 8.95239e-05 0.0905918 1.19732 -1.2354 0.0809008 1.09168 0.0694271 0.095226 0.2213 0.424559 0.0815063 -0.0554622 1.41644 0.0390619 0.188421 -0.0464545 -0.0448309 -0.452738 -0.01289 -0.0387314 -1.97642 -0.019615 0.126396 -0.463707 -0.0485172 0.752292 0.204483 0.154059 -0.442583 0.859479 -0.0541436 0.589741 0.0950493 -0.0635249 -0.123261 -0.0613519 -0.221791 -0.685955 -0.051962 -0.527167 -0.0346059 -0.320977 -0.0904366 -0.224141 -0.121335 0.00311263 -0.157415 0.0286154 -0.0612758 0.00129689 0.0052499 2.15514 0.209664 0.100619 0.0351357 0.643472 0.129705 -0.0762138 -0.939758 0.51777 1.03753 -0.0631426 -0.119352 -0.133389 -0.113422 -0.0178949 -0.00328832 -0.32169 0.200471 0.083067 -0.17082 -1.23112 0.237359 -0.172695 0.349168 1.18419 0.492215 -0.433072 0.00485108 -0.000102104 -0.0123926 -0.119393 -0.083191 -0.303248 -0.76909 -0.0644993 -0.0363298 0.0830664 0.280151 0.51547 3.24899 0.0692183 -2.3263
internal_weight=1.48416e+06 1.47209e+06 1.4599e+06 555274 12189 12069 551248 6184 545064 501035 154412 62920 91492 904628 4026 346623 89450 885102 884225 13024 257173 871201 6236 74278 81885 19526 837506 24915 33695 32154 5833 7565 825825 7461 30415 785733 256301 157405 98896 12909 156527 7758 529432 12045 220520 44029 53215 249415 34190 215225 81191 63380 308912 4728 38005 79644 58361 2474 40092 211885 7772 17214 11833 154053 98102 96159 36854 23683 302168 7529 9824 134034 39469 1718 21063 13859 11681 1739 6732 6731 294639 291499 274174 94091 49491 10536 2068 205154 163352 4216 21283 8306 1968 129495 4524
internal_count=1484160 1472091 1459902 555274 12189 12069 551248 6184 545064 501035 154412 62920 91492 904628 4026 346623 89450 885102 884225 13024 257173 871201 6236 74278 81885 19526 837506 24915 33695 32154 5833 7565 825825 7461 30415 785733 256301 157405 98896 12909 156527 7758 529432 12045 220520 44029 53215 249415 34190 215225 81191 63380 308912 4728 38005 79644 58361 2474 40092 211885 7772 17214 11833 154053 98102 96159 36854 23683 302168 7529 9824 134034 39469 1718 21063 13859 11681 1739 6732 6731 294639 291499 274174 94091 49491 10536 2068 205154 163352 4216 21283 8306 1968 129495 4524
is_linear=0
shrinkage=0.05


Tree=4
num_leaves=96
num_cat=0
split_feature=42 40 18 0 8 37 37 11 17 39 40 37 42 0 4 39 38 6 17 1 1 39 41 2 11 41 33 31 32 4 39 32 35 6 31 0 37 17 31 0 39 31 29 38 8 39 33 4 38 9 9 0 42 11 37 18 11 37 3 29 2 42 29 3 10 40 30 39 18 27 0 35 12 40 4 39 29 40 3 12 8 8 9 18 11 29 35 40 6 29 9 32 0 38 41
split_gain=8.0539e+06 5.0057e+06 6.05372e+06 4.2619e+06 2.4628e+06 1.92774e+06 2.76786e+06 4.11088e+06 1.90099e+06 1.88016e+06 1.56739e+06 1.34723e+06 1.3657e+06 1.13661e+06 1.03853e+06 1.0011e+06 925276 885184 878384 858791 836815 847398 785861 705038 690927 653631 695218 670926 670255 664540 649379 599047 585607 579078 560951 552866 537960 533222 523597 596397 509518 546013 502073 485678 477401 472170 448330 617269 438192 423615 422477 503777 481861 417638 394082 379025 366072 358370 386575 354180 340296 471813 474362 338644 324936 315418 571526 311839 311369 343570 311049 309823 313835 409889 305869 302066 301781 297679 293909 293128 291658 278252 268646 264667 264589 257263 275033 436277 331241 259574 258851 254581 252679 249639 242093
threshold=353.64999389648443 -0.010668246075510977 31.785000801086429 93.679084777832045 60.330732345581062 14.445416927337648 14.526647090911867 428.22482299804693 0.40626086294651037 5608.0000000000009 -0.011859001591801642 16.214025497436527 958.55999755859386 4.8815908432006845 63.520360946655281 6050.5000000000009 1414.0000000000002 -42.441406249999993 0.39833834767341619 0.20771484076976779 35.987577438354499 9064.5000000000018 -0.0070532322861254207 -54.36353683471679 174.55234527587893 -0.023247523233294484 1.5224252343177798 4.3038976192474374 0.59005430340766918 32.501821517944343 6344.0000000000009 51.392713546752937 3.3320169448852544 -21.904785156249996 5.1568171977996835 -3.1318439245223995 10.291085243225099 0.69626048207283031 7.1841576099395761 17.406844139099125 4162.5000000000009 4.1570580005645761 12805.245117187502 1948.0000000000002 -50.913688659667962 4952.5000000000009 1.2781000733375552 8.1078271865844744 1558.5000000000002 7.1413826942443857 25.822816848754886 32.166793823242195 1040.7399902343752 1213.0704345703127 10.40916681289673 11.215000152587892 444.02903747558599 10.850938320159914 -2.8148046731948848 10996.350097656252 -6.4739258289337149 641.95498657226574 12530.314941406252 0.52500000596046459 -4.0502803325653067 0.040240362286567695 17.938108444213871 5667.5000000000009 100.95499801635744 49.574979782104499 18.049429893493656 4.0893070697784433 1236.4195556640627 0.024680698290467266 -29.204670906066891 8123.0000000000009 12736.959960937502 0.026669647544622425 1.6002148389816286 741.53213500976574 -16.56779861450195 15.192737102508547 7.4094078540802011 -95.704998016357408 1250.5782470703127 12725.885253906252 2.9417628049850468 0.021033235825598243 1.5522460937500002 11256.049804687502 30.167837142944339 1.6336304545402529 -47.845952987670891 1470.0000000000002 -0.026073005981743332
decision_type=2 2 2 2 2 2 2 2 2 2 2 2 2 2 2 2 2 2 2 2 2 2 2 2 2 2 2 2 2 2 2 2 2 2 2 2 2 2 2 2 2 2 2 2 2 2 2 2 2 2 2 2 2 2 2 2 2 2 2 2 2 2 2 2 2 2 2 2 2 2 2 2 2 2 2 2 2 2 2 2 2 2 2 2 2 2 2 2 2 2 2 2 2 2 2
left_child=8 2 3 10 5 15 7 92 -1 16 20 12 22 -4 59 33 -8 80 -14 56 21 23 30 78 91 27 34 45 -28 43 49 44 -24 36 -27 -21 63 75 42 -40 41 -31 65 50 -18 48 -46 71 -25 -11 60 52 -52 -41 -38 83 77 -42 -59 -6 61 64 -63 -3 -30 76 68 -47 -67 -70 94 72 73 -48 -33 -26 85 -13 -2 -71 -17 -75 -68 -29 -62 86 89 -88 -89 -35 -91 -19 -7 -22 -39
right_child=1 4 13 -5 14 6 9 -9 -10 11 -12 19 18 -15 -16 17 31 24 -20 35 93 -23 32 25 37 26 28 55 29 40 -32 74 -34 38 -36 -37 54 70 39 53 57 -43 -44 -45 46 67 47 -49 -50 -51 51 -53 -54 -55 -56 -57 -58 58 -60 -61 84 62 -64 -65 -66 66 82 -69 69 79 -72 -73 -74 81 -76 -77 -78 -79 -80 -81 -82 -83 -84 -85 -86 -87 87 88 -90 90 -92 -93 -94 -95 -96
leaf_value=0.72988066271123986 -1.6678956952833734 -0.31219522542591105 -0.71151691392660155 -1.7640242157412764 0.70806887865569645 3.5353634204898143 0.77642085521400628 0.35194408452387854 2.4892866012936548 0.32644476344327455 -0.97450940928419838 -0.28884411942846744 0.32885993707611449 -2.3165203431029631 1.5319675332724585 1.8167814472632682 2.4632151124954444 0.65645354124081789 0.88523967107298174 0.6190792480686893 -0.78304893949741017 -0.60066757923860825 -0.14268194444487178 0.2908243313178176 -0.14202707250932228 -0.13130729669398555 -0.88790334351252553 -0.61028456636476192 -0.28386439977292588 1.1162595584940962 0.25827719398198035 -1.0881053413987971 0.26737772324070258 0.15554623791838051 -0.54679542088156485 0.08526871641040483 1.1997079901081626 -0.044965591409813321 0.10879433191458437 0.31370049014253581 -0.075025363811689283 -0.045833634161850344 0.38211070792056651 0.23275018209981041 -0.17660710701933774 -0.35755545960248064 0.26287685958208346 0.22123189927119624 -0.16256893211524806 1.0092582712226943 0.45422320866169108 -0.71494410295779631 -0.44262254268801382 1.1054792648456715 0.3496325556240456 -1.5072154803403683 -0.28235486289111067 -0.66667385635287324 -0.23546044758527462 -0.12811551536897123 0.025010958378769901 -0.03126127428923741 -0.64030066486427095 0.68299594458371349 -0.99463408437839118 -0.021609553241705579 0.0021008816206407916 -0.0076558611978934273 0.34427621454102808 -0.20893736333031404 -0.56609821404439842 -0.12130911090669996 0.33646445902990285 -0.012003412992885733 -0.21173248021482022 0.07227779800664165 -0.15806265898958702 0.20958348985561981 -0.51246922560310704 -0.75926668829667421 0.39052473007447341 -0.39472753939772803 1.0201849452218474 -0.23690084892534685 -0.24259137231261452 0.73603875447888911 0.30133080899274128 -0.031417729185210845 -0.31896704060428632 0.016629689529681288 0.57551685403961717 0.11157815403679822 2.3912522926077937 -0.31956405819587241 -0.3460572810841942
leaf_weight=2591 856 4757 1597 3853 4262 1131 3999 4815 3777 3470 5030 4182 11822 3589 3601 735 197 2731 17754 8522 4674 7673 14787 10740 72542 75824 2197 8863 6777 1436 15512 1761 21166 60034 9096 11256 1489 10652 31889 4356 18494 3396 8742 23261 24983 19611 12735 39494 10572 6595 11990 1225 1709 2697 15911 819 15112 7462 17131 1800 212389 60030 3374 1039 2107 52167 1049 9429 2618 33618 9343 39467 8658 38365 2290 21260 20280 10538 1544 2605 701 5417 1692 10227 9654 1328 7735 42335 13116 111512 2108 9938 903 7690 17888
leaf_count=2591 856 4757 1597 3853 4262 1131 3999 4815 3777 3470 5030 4182 11822 3589 3601 735 197 2731 17754 8522 4674 7673 14787 10740 72542 75824 2197 8863 6777 1436 15512 1761 21166 60034 9096 11256 1489 10652 31889 4356 18494 3396 8742 23261 24983 19611 12735 39494 10572 6595 11990 1225 1709 2697 15911 819 15112 7462 17131 1800 212389 60030 3374 1039 2107 52167 1049 9429 2618 33618 9343 39467 8658 38365 2290 21260 20280 10538 1544 2605 701 5417 1692 10227 9654 1328 7735 42335 13116 111512 2108 9938 903 7690 17888
internal_value=0.000179135 -0.00746859 -0.122887 -0.107386 0.0659015 0.0573164 0.154475 1.14875 1.7741 0.133056 -0.0960848 0.269531 0.383692 -1.82297 0.859728 0.0018198 0.024778 -0.111171 0.662902 0.0598695 -0.088193 -0.0790117 0.249457 -0.071599 -0.12347 -0.0677805 -0.0464118 -0.20997 -0.0176882 -0.0126558 0.461298 0.00742695 0.0987276 0.0407565 -0.175829 0.315338 0.283618 -0.1574 0.0266667 0.200844 -0.186727 0.300001 0.00787303 0.0124312 0.0218082 -0.112802 0.0189206 0.0528143 0.0659234 0.77402 -0.00414247 0.255361 0.342266 0.616811 0.422572 -0.455666 -0.109515 -0.241329 -0.366365 0.459838 -0.017303 -0.111525 -0.0636997 -0.133534 -0.452715 -0.00141922 -0.0799817 -0.243959 -0.101415 -0.208591 -0.315715 -0.0107544 0.0561949 0.013244 -0.593222 -0.0934546 0.027079 0.0679484 -0.92614 -0.248574 1.12281 -0.0593804 0.630986 -0.410322 0.013373 0.0428456 0.0389495 -0.0503726 -0.0994463 0.0714507 0.0270137 0.229162 3.0317 -0.494924 -0.233697
internal_weight=1.48415e+06 1.47778e+06 574319 569133 903461 893798 324931 6849 6368 318082 565280 140716 91106 5186 9663 568867 177366 145790 29576 49610 560250 547886 61530 540213 144354 537813 467552 70261 382632 380435 25577 173367 35953 423077 84920 19778 23196 131685 399881 38942 47919 4832 360939 332516 169316 50352 169119 144136 21312 10065 309255 14924 13699 7053 17400 19909 29832 43087 24593 6062 294331 72288 63404 5796 8884 352197 93749 29040 91008 38841 37883 104642 65175 56517 4051 93802 258448 14720 2400 36223 1436 43782 2741 19090 222043 238168 236840 63186 55451 173654 113620 12669 2034 12364 28540
internal_count=1484148 1477780 574319 569133 903461 893798 324931 6849 6368 318082 565280 140716 91106 5186 9663 568867 177366 145790 29576 49610 560250 547886 61530 540213 144354 537813 467552 70261 382632 380435 25577 173367 35953 423077 84920 19778 23196 131685 399881 38942 47919 4832 360939 332516 169316 50352 169119 144136 21312 10065 309255 14924 13699 7053 17400 19909 29832 43087 24593 6062 294331 72288 63404 5796 8884 352197 93749 29040 91008 38841 37883 104642 65175 56517 4051 93802 258448 14720 2400 36223 1436 43782 2741 19090 222043 238168 236840 63186 55451 173654 113620 12669 2034 12364 28540
is_linear=0
shrinkage=0.05


end of trees

feature_importances:
lk=27
slp700=27
btP=26
dPS=23
dS=22
tw_span=22
dP=20
cutn=20
npred=20
btS=19
nn_aniso=18
dB=17
pfx_gr=17
dPZ=16
dG=15
cstd=15
dz=14
btB=14
btG=14
dSB=13
nn_real=12
btZ=12
dZ=10
dSG=10
md_since=8
hd_since=8
cmean=7
btBlend=7
slp50=7
pstd=5
frac=4
twgr_P=2
btPS_ratio=2
dzdmd=1
twgr_S=1

parameters:
[boosting: gbdt]
[objective: regression]
[metric: rmse]
[tree_learner: serial]
[device_type: cpu]
[data_sample_strategy: bagging]
[data: ]
[valid: ]
[num_iterations: 5]
[learning_rate: 0.05]
[num_leaves: 96]
[num_threads: 6]
[seed: 42]
[deterministic: 0]
[force_col_wise: 0]
[force_row_wise: 0]
[histogram_pool_size: -1]
[max_depth: -1]
[min_data_in_leaf: 60]
[min_sum_hessian_in_leaf: 0.001]
[bagging_fraction: 0.8]
[pos_bagging_fraction: 1]
[neg_bagging_fraction: 1]
[bagging_freq: 1]
[bagging_seed: 400]
[bagging_by_query: 0]
[feature_fraction: 0.8]
[feature_fraction_bynode: 1]
[feature_fraction_seed: 30056]
[extra_trees: 0]
[extra_seed: 12879]
[early_stopping_round: 0]
[early_stopping_min_delta: 0]
[first_metric_only: 0]
[max_delta_step: 0]
[lambda_l1: 0.05]
[lambda_l2: 3]
[linear_lambda: 0]
[min_gain_to_split: 0]
[drop_rate: 0.1]
[max_drop: 50]
[skip_drop: 0.5]
[xgboost_dart_mode: 0]
[uniform_drop: 0]
[drop_seed: 17869]
[top_rate: 0.2]
[other_rate: 0.1]
[min_data_per_group: 100]
[max_cat_threshold: 32]
[cat_l2: 10]
[cat_smooth: 10]
[max_cat_to_onehot: 4]
[top_k: 20]
[monotone_constraints: ]
[monotone_constraints_method: basic]
[monotone_penalty: 0]
[feature_contri: ]
[forcedsplits_filename: ]
[refit_decay_rate: 0.9]
[cegb_tradeoff: 1]
[cegb_penalty_split: 0]
[cegb_penalty_feature_lazy: ]
[cegb_penalty_feature_coupled: ]
[path_smooth: 0]
[interaction_constraints: ]
[verbosity: -1]
[saved_feature_importance_type: 0]
[use_quantized_grad: 0]
[num_grad_quant_bins: 4]
[quant_train_renew_leaf: 0]
[stochastic_rounding: 1]
[linear_tree: 0]
[max_bin: 255]
[max_bin_by_feature: ]
[min_data_in_bin: 3]
[bin_construct_sample_cnt: 200000]
[data_random_seed: 175]
[is_enable_sparse: 1]
[enable_bundle: 1]
[use_missing: 1]
[zero_as_missing: 0]
[feature_pre_filter: 1]
[pre_partition: 0]
[two_round: 0]
[header: 0]
[label_column: ]
[weight_column: ]
[group_column: ]
[ignore_column: ]
[categorical_feature: ]
[forcedbins_filename: ]
[precise_float_parser: 0]
[parser_config_file: ]
[objective_seed: 16083]
[num_class: 1]
[is_unbalance: 0]
[scale_pos_weight: 1]
[sigmoid: 1]
[boost_from_average: 1]
[reg_sqrt: 0]
[alpha: 0.9]
[fair_c: 1]
[poisson_max_delta_step: 0.7]
[tweedie_variance_power: 1.5]
[lambdarank_truncation_level: 30]
[lambdarank_norm: 1]
[label_gain: ]
[lambdarank_position_bias_regularization: 0]
[eval_at: ]
[multi_error_top_k: 1]
[auc_mu_weights: ]
[num_machines: 1]
[local_listen_port: 12400]
[time_out: 120]
[machine_list_filename: ]
[machines: ]
[gpu_platform_id: -1]
[gpu_device_id: -1]
[gpu_device_id_list: ]
[gpu_use_dp: 0]
[num_gpu: 1]

end of parameters

pandas_categorical:[]
