tree
version=v4
num_class=1
num_tree_per_iteration=1
label_index=0
max_feature_idx=27
objective=regression
feature_names=Column_0 Column_1 Column_2 Column_3 Column_4 Column_5 Column_6 Column_7 Column_8 Column_9 Column_10 Column_11 Column_12 Column_13 Column_14 Column_15 Column_16 Column_17 Column_18 Column_19 Column_20 Column_21 Column_22 Column_23 Column_24 Column_25 Column_26 Column_27
feature_infos=[-23.561466727661703:51.604201223715052] [-28.72811848788913:70.080804289913374] [-29.03354407720343:68.609705255244478] [-42.226570798807536:141.38862991078494] [0.52874956914024351:55.447756140768618] [361:827] none [0.034153752028942101:20.653661727905277] [0.084079824388027094:26.498762130737305] [-2.4055603378179651:-0.023845810050604901] [0.0001585431072426:0.28226340013627549] [0.00059994305657590002:1.0925095166992569] [29.246561344127148:31522.715192146195] [52.785327308506929:38795.058019708245] [1.3298381739250968:4985.1736890846178] [1.0070152499542366:7400.0089326374209] [-66.03121229199752:83.65264095486485] [0.0281770684527318:83.65264095486485] [-47.882070125498586:39.91804804846614] [1.2908989571613905:92.322242567714582] [-0.080000000001746202:0.079999999999927199] [-0.070000000003346899:0.090000000000145505] [5.582306989042765:26.944283541781907] [0.42760832929954329:0.96732874168659144] [911:10018] [1031:2362] [0.1248351648351648:0.65122511485451762] [910:10017]
tree_sizes=1041 1077 890 979 1091 1070 1077 984 1166 1080 1064 1166 1085 1172 1172 1079 982 1084 1073 983 1164 989 1169 988 1159 1187 1081 973 1170 1077 1071 1155 1084 1092 998 1074 1082 989 1092 1088 991 1079 1074 994 1082 1081 1074 1076 1083 1080

Tree=0
num_leaves=10
num_cat=0
split_feature=21 4 17 17 22 5 19 4 16
split_gain=6.98751e+06 4.00472e+06 2.60377e+06 2.02311e+06 1.70425e+06 1.20199e+06 894490 688022 386102
threshold=-0.009999999999308699 6.4080833750677035 18.58501001278572 11.940163713156913 11.375998694409091 577.00000000000011 6.721464692584429 5.4002972085408931 3.2353035304012563
decision_type=2 2 2 2 2 2 2 2 2
left_child=1 3 4 6 -2 -6 -1 8 -7
right_child=2 -3 -4 -5 5 7 -8 -9 -10
leaf_value=0.80919792872028518 0.79329307865559029 0.6038643772964194 1.0003153719008999 0.90330765827177306 0.82670674556322377 0.86650153228800952 0.71190407815432666 0.98680154247176677 0.9381869028688814
leaf_weight=175796 194835 117304 167865 124843 157120 148385 164743 114506 124242
leaf_count=38 38 26 32 25 31 33 35 22 26
internal_value=0.841577 0.760516 0.893657 0.800002 0.869432 0.896688 0.762129 0.925091 0.899171
internal_weight=1.48964e+06 582686 906953 465382 739088 544253 340539 387133 272627
internal_count=306 124 182 98 150 112 73 81 59
is_linear=0
shrinkage=1


Tree=1
num_leaves=10
num_cat=0
split_feature=21 4 18 23 17 7 15 16 16
split_gain=6.8064e+06 3.83458e+06 4.64436e+06 2.17029e+06 3.77363e+06 1.72989e+06 1.04348e+06 970880 659086
threshold=0.01500000000032735 6.5789976249340549 2.9419746288479556 0.80774885635885096 12.412133854785681 3.8540871143341069 399.7929699383738 -3.8305595959120318 3.0015032481404558
decision_type=2 2 2 2 2 2 2 2 2
left_child=1 2 5 6 8 7 -2 -1 -5
right_child=3 -3 -4 4 -6 -7 -8 -9 -10
leaf_value=0.035820491964314437 0.075940126586190856 -0.19856650395460179 0.14337508710858463 0.0069981132758613271 0.25245031692401654 -0.14339227367771515 -0.029734894244849652 -0.072383385612213691 0.10064733839111163
leaf_weight=129204 134692 152738 112684 146156 119728 182476 223874 176690 125895
leaf_count=27 27 32 26 32 24 33 46 38 24
internal_value=-0.000670324 -0.0643411 -0.0302316 0.063293 0.112103 -0.0702892 0.00996111 -0.0266801 0.0503359
internal_weight=1.50414e+06 753792 601054 750345 391779 488370 358566 305894 272051
internal_count=309 156 124 153 80 98 73 65 56
is_linear=0
shrinkage=0.03


Tree=2
num_leaves=8
num_cat=0
split_feature=21 4 19 17 19 7 15
split_gain=7.87599e+06 3.42545e+06 6.68931e+06 3.19525e+06 1.73248e+06 615643 534416
threshold=0.010000000001127702 6.4080833750677035 11.846832784079323 12.675182909017925 6.721464692584429 4.8564069271087655 402.71077561234904
decision_type=2 2 2 2 2 2 2
left_child=1 2 4 5 -1 6 -2
right_child=3 -3 -4 -5 -6 -7 -8
leaf_value=-0.024965520243002307 -0.02598580035290321 -0.19546410876172035 0.17439892450968422 0.15951442742155805 -0.14110124173392657 0.073334281296450435 0.046081612587792808
leaf_weight=218737 211989 155166 109438 233558 245195 177018 164441
leaf_count=47 42 33 23 47 48 34 37
internal_value=0.000662971 -0.0704179 -0.0365772 0.066463 -0.0863454 0.0271943 0.00549642
internal_weight=1.51554e+06 728536 573370 787006 463932 553448 376430
internal_count=311 151 118 160 95 113 79
is_linear=0
shrinkage=0.03


Tree=3
num_leaves=9
num_cat=0
split_feature=21 19 22 12 22 4 21 8
split_gain=5.46943e+06 3.36928e+06 1.60591e+06 2.0182e+06 1.43533e+06 676549 667220 530215
threshold=-0.009999999999308699 12.226663466677163 12.786466662154746 513.21720767673435 15.467584972902189 5.2165215597989532 0.020000000001346 6.6121385097503671
decision_type=2 2 2 2 2 2 2 2
left_child=2 5 3 -1 -4 6 -2 -8
right_child=1 -3 4 -5 -6 -7 7 -9
leaf_value=-0.049746132351678574 -0.046293674990336098 0.16904035325803238 0.052511427081233512 -0.20567745506890611 -0.085944697955914667 0.0791099577067573 -0.0072697084112117154 0.063482439892263334
leaf_weight=200504 143998 186316 152231 119064 120903 160459 183496 198389
leaf_count=42 28 36 32 23 27 30 42 41
internal_value=0.00813629 0.055902 -0.0621909 -0.107844 -0.00877642 0.0251887 0.00873584 0.0294861
internal_weight=1.46536e+06 872658 592702 319568 273134 686342 525883 381885
internal_count=301 177 124 65 59 141 111 83
is_linear=0
shrinkage=0.03


Tree=4
num_leaves=10
num_cat=0
split_feature=21 23 19 13 11 26 26 21 5
split_gain=7.04429e+06 2.36504e+06 4.40134e+06 2.05587e+06 1.95583e+06 4.07626e+06 1.1357e+06 948442 803411
threshold=-0.009999999999308699 0.80774885635885096 11.115750846245946 398.05004083287685 0.0070383168357126503 0.22238694862752637 0.26010566153855313 -0.029999999999745296 628.50000000000011
decision_type=2 2 2 2 2 2 2 2 2
left_child=4 3 8 -2 -1 -6 -5 -7 -3
right_child=1 2 -4 6 5 7 -8 -9 -10
leaf_value=0.010549624837400651 0.089190012996544013 0.081916831484181885 0.25466310837609807 -0.10052637715610564 -0.24149755047309895 -0.096564462924693867 0.021294812878182218 0.017273173742228663 -0.0057253627268534901
leaf_weight=146522 148088 226651 118159 162373 150860 149626 119608 117668 161005
leaf_count=34 29 46 23 28 24 33 30 27 33
internal_value=-8.98514e-05 0.0503997 0.0943743 -0.00132006 -0.0837703 -0.11682 -0.0488536 -0.0464511 0.0455166
internal_weight=1.50056e+06 935884 505815 430069 564676 418154 281981 267294 387656
internal_count=307 189 102 87 118 84 58 60 79
is_linear=0
shrinkage=0.03


Tree=5
num_leaves=10
num_cat=0
split_feature=21 4 18 17 22 7 19 23 14
split_gain=5.49224e+06 2.51335e+06 4.81618e+06 2.02651e+06 1.88542e+06 1.30578e+06 847392 793910 393593
threshold=0.010000000001127702 5.856850943286477 2.7127355609791297 18.58501001278572 11.033080034667295 3.7340718507766728 5.9241112064178214 0.81008187009990895 351.14569356832067
decision_type=2 2 2 2 2 2 2 2 2
left_child=1 2 5 4 -2 7 -6 -1 -8
right_child=3 -3 -4 -5 6 -7 8 -9 -10
leaf_value=-0.087099657654530011 -0.053981034161132126 -0.16678629390490066 0.14684382153333558 0.16191716276571622 0.010207098893213093 -0.14118282747552471 0.12720353435155854 0.019570679661894328 0.062627838086816268
leaf_weight=123182 167255 154414 110578 132429 190371 165835 142649 128091 210028
leaf_count=26 33 33 25 25 41 29 28 27 44
internal_value=0.0029541 -0.0603315 -0.0291796 0.054177 0.0340894 -0.0758451 0.0612147 -0.0327227 0.0887477
internal_weight=1.52483e+06 682100 527686 842732 710303 417108 543048 251273 352677
internal_count=311 140 107 171 146 82 113 53 72
is_linear=0
shrinkage=0.03


Tree=6
num_leaves=10
num_cat=0
split_feature=21 4 13 16 4 8 20 7 18
split_gain=6.33155e+06 3.40091e+06 3.09923e+06 2.14046e+06 1.41011e+06 1.02359e+06 1.09249e+06 773961 742505
threshold=0.010000000001127702 6.4080833750677035 765.25690991364866 -7.9283715999527695 3.5010607681601633 3.3269404172897343 0.03499999999985446 2.1272258758544926 1.4411623734309
decision_type=2 2 2 2 2 2 2 2 2
left_child=1 2 4 -2 7 -5 8 -1 -7
right_child=3 -3 -4 5 -6 6 -8 -9 -10
leaf_value=-0.050656625413081267 0.15072287607340284 -0.21207113078249465 0.10067983132564945 -0.044705854621869087 0.011740572777405346 0.028809759552704293 -0.0096500886200901071 -0.14598109236828893 0.11974599583562945
leaf_weight=127094 161220 125599 113424 135584 121886 141345 189001 193178 188693
leaf_count=28 31 26 24 32 26 26 39 37 37
internal_value=-0.00356865 -0.0710888 -0.0392166 0.0528067 -0.0751037 0.0286916 0.0478647 -0.108154 0.0808013
internal_weight=1.49702e+06 681181 555582 815843 442158 654623 519039 320272 330038
internal_count=306 141 115 165 91 134 102 65 63
is_linear=0
shrinkage=0.03


Tree=7
num_leaves=9
num_cat=0
split_feature=21 24 17 11 3 12 19 19
split_gain=3.30421e+06 2.21706e+06 2.97325e+06 2.13829e+06 1.51533e+06 1.18095e+06 969860 555807
threshold=0.010000000001127702 5645.0000000000009 13.459786185418869 0.15426121134852741 6.3445868188763557 528.7076114185835 6.721464692584429 5.9241112064178214
decision_type=2 2 2 2 2 2 2 2
left_child=1 2 6 4 5 7 -1 -2
right_child=3 -3 -4 -5 -6 -7 -8 -9
leaf_value=-0.011253768204529035 -0.019746173401616638 -0.12512781784326577 0.10906440720032466 0.15234277500464424 0.089351275320559614 -0.080469204412709661 -0.10928366703836265 0.059696112391417262
leaf_weight=189463 155123 242191 129634 123576 183741 153726 174478 162072
leaf_count=48 31 38 29 24 38 34 39 31
internal_value=-0.00520529 -0.0507856 -0.0143065 0.0378875 0.0162822 -0.0122277 -0.0582509 0.0208452
internal_weight=1.514e+06 735766 493575 778238 654662 470921 363941 317195
internal_count=312 154 116 158 134 96 87 62
is_linear=0
shrinkage=0.03


Tree=8
num_leaves=11
num_cat=0
split_feature=20 4 19 10 12 16 19 19 9 2
split_gain=4.34334e+06 3.38071e+06 3.69463e+06 2.1803e+06 2.48619e+06 1.26516e+06 866890 725268 699083 619752
threshold=0.019999999999527004 6.4080833750677035 12.226663466677163 0.050822903400392354 672.36675774356377 2.4886757507778978 6.721464692584429 8.8360451781226583 -0.11247605304151449 1.0000000180025095e-35
decision_type=2 2 2 2 2 2 2 2 2 2
left_child=1 2 6 4 5 8 -1 -8 -2 -7
right_child=3 -3 -4 -5 -6 9 7 -9 -10 -11
leaf_value=-0.020134074014551463 -0.051335838570295139 -0.18704043691395361 0.12412831525839392 0.16058136374514767 -0.10028273489586743 0.047066111311479669 -0.1511844169830267 -0.05057961106476333 0.044202510169987129 0.13618321116937235
leaf_weight=230273 118599 145311 118752 120909 122165 133411 127281 130737 164591 148314
leaf_count=49 24 31 24 24 28 26 25 27 33 30
internal_value=-0.00519234 -0.0570621 -0.025948 0.0431059 0.0224327 0.0489706 -0.0624468 -0.100209 0.00419124 0.0939825
internal_weight=1.56034e+06 752354 607043 807989 687080 564915 488291 258018 283190 281725
internal_count=321 156 125 165 141 113 101 52 57 56
is_linear=0
shrinkage=0.03


Tree=9
num_leaves=10
num_cat=0
split_feature=21 17 4 12 9 4 9 17 15
split_gain=4.76109e+06 2.26643e+06 2.06624e+06 1.68249e+06 1.32615e+06 1.04471e+06 956611 565090 239395
threshold=-0.009999999999308699 18.58501001278572 6.4080833750677035 605.23463082514388 -0.15353396089419366 5.2165215597989532 -0.21065479264607181 7.9931029057454026 372.80725847297799
decision_type=2 2 2 2 2 2 2 2 2
left_child=2 5 3 4 -1 6 -2 8 -8
right_child=1 -3 -4 -5 -6 -7 7 -9 -10
leaf_value=-0.02143981522594789 -0.074034371668163693 0.14689138139793526 -0.17756318053391895 0.059113482466169799 -0.13792500921356143 0.083692212916055456 0.024421553180815299 0.062209389829814561 -0.028210475027122085
leaf_weight=202261 122045 149826 123607 116604 155654 177988 141531 179600 172662
leaf_count=40 26 29 27 24 34 34 30 36 35
internal_value=-0.00209702 0.0398744 -0.0683144 -0.0398557 -0.0720987 0.0196757 0.00117362 0.0197622 -0.00450186
internal_weight=1.54178e+06 943652 598126 474519 357915 793826 615838 493793 314193
internal_count=315 190 125 98 74 161 127 101 65
is_linear=0
shrinkage=0.03


Tree=10
num_leaves=10
num_cat=0
split_feature=21 4 8 18 3 7 20 2 2
split_gain=5.04043e+06 2.57203e+06 2.52049e+06 2.42388e+06 1.11846e+06 761675 676877 645021 305221
threshold=0.01500000000032735 6.4080833750677035 12.25354051589966 2.7127355609791297 6.3445868188763557 1.6152510046958926 0.03499999999985446 -1.1870043751980865 -2.4897518302189248
decision_type=2 2 2 2 2 2 2 2 2
left_child=1 3 4 5 6 -1 8 -7 -2
right_child=2 -3 -4 -5 -6 7 -8 -9 -10
leaf_value=0.0065649474454216213 0.074469297001032289 -0.16249418617943454 0.16490738541498068 0.11197803966586779 0.1147696637022715 -0.11896504012241341 -0.029416325899848817 -0.033272692133273683 0.014242161501709897
leaf_weight=159833 144653 137025 174152 105642 127936 149817 188679 167381 158944
leaf_count=35 28 29 33 25 27 28 41 32 33
internal_value=0.0119605 -0.045546 0.0640618 -0.0180433 0.0357444 -0.0468378 0.0152064 -0.0737469 0.0429386
internal_weight=1.51406e+06 719698 794364 582673 620212 477031 492276 317198 303597
internal_count=311 149 162 120 129 95 102 60 61
is_linear=0
shrinkage=0.03


Tree=11
num_leaves=11
num_cat=0
split_feature=21 7 4 19 19 24 7 26 16 15
split_gain=5.11485e+06 2.48913e+06 2.42796e+06 1.75536e+06 2.26731e+06 795172 1.2954e+06 969256 373307 627063
threshold=-0.009999999999308699 8.8283557891845721 6.4080833750677035 10.899166489799438 6.721464692584429 5477.0000000000009 3.9362320899963383 0.21878930791357742 -1.6275052113893087 382.25367370433077
decision_type=2 2 2 2 2 2 2 2 2 2
left_child=2 5 3 4 -1 6 8 -7 -2 -10
right_child=1 -3 -4 -5 -6 7 -8 -9 9 -11
leaf_value=-0.0051570734052279882 0.049267016363190468 0.15326804850808515 -0.19437466132668524 0.053387707658815543 -0.15626199494835247 0.029755617711453946 0.11157235818377545 -0.073702999995227308 0.034684650067620428 -0.070196278757405875
leaf_weight=188287 123939 144615 118834 125763 170117 176913 162954 151106 104785 100520
leaf_count=40 29 26 27 25 35 27 37 25 25 25
internal_value=-0.00432472 0.0385124 -0.0728663 -0.0430425 -0.0768798 0.0182792 0.042393 -0.017904 0.00815328 -0.0166665
internal_weight=1.56783e+06 964832 603001 484167 358404 820217 492198 328019 329244 205305
internal_count=321 194 127 100 75 168 116 52 79 50
is_linear=0
shrinkage=0.03


Tree=12
num_leaves=10
num_cat=0
split_feature=20 23 17 26 10 13 22 9 22
split_gain=3.893e+06 2.32798e+06 2.81481e+06 2.06091e+06 1.54969e+06 1.44278e+06 1.3405e+06 999415 631651
threshold=-0.009999999999308699 0.80774885635885096 12.864342161519888 0.22238694862752637 0.0032413497336203508 398.05004083287685 14.734622466309288 -0.19117579376118302 11.492842132678033
decision_type=2 2 2 2 2 2 2 2 2
left_child=3 5 8 -1 -5 -2 -7 -6 -3
right_child=1 2 -4 4 7 6 -8 -9 -10
leaf_value=-0.1439597455185431 0.061764158896852467 -0.019960683914259997 0.19128790091636866 -0.092036634721679347 -0.035696110450958295 -0.12798792292189262 0.0035938804945515978 0.08615542167169947 0.063859328516742295
leaf_weight=189366 143475 125020 144759 177730 122437 125772 156244 119904 229347
leaf_count=31 28 25 30 45 26 28 31 28 45
internal_value=-0.00292816 0.0358713 0.0798224 -0.0617934 -0.0247526 -0.0156859 -0.0550887 0.024593 0.0342878
internal_weight=1.53405e+06 924617 499126 609437 420071 425491 282016 242341 354367
internal_count=317 187 100 130 99 87 59 54 70
is_linear=0
shrinkage=0.03


Tree=13
num_leaves=11
num_cat=0
split_feature=21 22 19 23 19 13 22 19 9 12
split_gain=3.781e+06 2.33773e+06 3.02204e+06 2.13737e+06 4.04007e+06 1.41188e+06 1.33393e+06 960524 782188 119076
threshold=-0.009999999999308699 12.786466662154746 6.8392084502272956 0.80774885635885096 11.115750846245946 404.14468620593101 14.666796359912455 9.1169897620000278 -0.16725735902701669 384.68402813637118
decision_type=2 2 2 2 2 2 2 2 2 2
left_child=1 2 -1 5 8 -2 -3 -7 -5 -10
right_child=3 6 -4 4 -6 7 -8 -9 9 -11
leaf_value=-0.0004116882264657729 0.060531105014924383 0.078480196242446024 -0.18938068640749142 -0.02506608040007027 0.22867684045152714 -0.0040629403124552285 -0.055422943980065649 -0.1156419396220127 0.041529829319832026 0.083054770539088149
leaf_weight=122968 142370 116767 200118 150192 118207 150503 156956 128909 128433 120446
leaf_count=28 28 25 39 30 23 34 35 24 25 25
internal_value=-0.00376401 -0.062808 -0.117459 0.0337608 0.0746299 -0.0163616 0.00169866 -0.0555413 0.0289994 0.0616266
internal_weight=1.53587e+06 596809 323086 939060 517278 421782 273723 279412 399071 248879
internal_count=316 127 67 189 103 86 60 58 80 50
is_linear=0
shrinkage=0.03


Tree=14
num_leaves=11
num_cat=0
split_feature=21 22 9 22 19 2 27 8 0 13
split_gain=3.49367e+06 2.62831e+06 3.41944e+06 2.81467e+06 2.48863e+06 979476 1.9503e+06 1.16014e+06 860394 376992
threshold=-1.0000000180025095e-35 12.786466662154746 -0.17024933131999967 14.734622466309288 13.936065221832619 -5.0046008010274017 6138.5000000000009 6.6121385097503671 0.033373582345121007 419.85701854773441
decision_type=2 2 2 2 2 2 2 2 2 2
left_child=1 2 -1 -3 5 -2 7 9 -9 -7
right_child=4 3 -4 -5 -6 6 -8 8 -10 -11
leaf_value=-0.034044950989016713 0.097878944742841853 0.12243243820716167 -0.23954794862970641 -0.075481973433699764 0.16393725422054178 0.027145539016973079 -0.079920703644798127 0.028202312399326454 0.13576355236594914 -0.045263551208877505
leaf_weight=182965 122313 117892 121106 143255 123347 124786 178102 143003 125821 134418
leaf_count=37 23 25 25 33 24 28 26 31 28 31
internal_value=0.00313655 -0.055942 -0.115894 0.0138646 0.0382203 0.0195019 0.00592547 0.0348813 0.0785462 -0.0104044
internal_weight=1.51701e+06 565218 304071 261147 951790 828443 706130 528028 268824 259204
internal_count=311 120 62 58 191 167 144 118 59 59
is_linear=0
shrinkage=0.03


Tree=15
num_leaves=10
num_cat=0
split_feature=20 11 15 12 12 4 15 25 19
split_gain=2.31573e+06 2.23119e+06 2.0297e+06 2.45632e+06 1.57161e+06 1.10338e+06 1.02345e+06 721352 566280
threshold=0.019999999999527004 0.15070200050790719 988.567300829788 521.99359230215839 672.36675774356377 4.1973387298058524 364.80370475894466 1653.5000000000002 5.9241112064178214
decision_type=2 2 2 2 2 2 2 2 2
left_child=2 4 3 5 7 6 -1 -2 -9
right_child=1 -3 -4 -5 -6 -7 -8 8 -10
leaf_value=-0.10076308901074613 -0.01091045586324864 0.15481773137594892 0.076927492926500016 -0.15141427280233447 -0.077550584238977621 0.045219642892282752 0.0058176069543458241 0.020736980324851155 0.095682435463313967
leaf_weight=175534 174467 125712 125146 174352 127809 157214 150703 160484 208783
leaf_count=37 34 25 26 34 29 35 30 34 40
internal_value=0.00283416 0.0388237 -0.033813 -0.0548813 0.0171093 -0.0200672 -0.0515291 0.0393601 0.0631114
internal_weight=1.5802e+06 797255 782949 657803 671543 483451 326237 543734 369267
internal_count=324 162 162 136 137 102 67 108 74
is_linear=0
shrinkage=0.03


Tree=16
num_leaves=9
num_cat=0
split_feature=21 4 19 4 25 3 19 19
split_gain=2.86442e+06 3.032e+06 3.47121e+06 1.32355e+06 1.57256e+06 1.21044e+06 837758 711745
threshold=0.010000000001127702 6.4080833750677035 11.846832784079323 5.4742845701716378 1863.5000000000002 2.4470760111317107 6.721464692584429 6.1971121266647442
decision_type=2 2 2 2 2 2 2 2
left_child=1 2 6 4 5 7 -1 -2
right_child=3 -3 -4 -5 -6 -7 -8 -9
leaf_value=-0.006504887280549463 -0.048179052517395633 -0.16639330474252989 0.13054983141565357 0.11450804742078703 -0.076548866392403422 0.09669085260201922 -0.088693608878326433 0.047806696187756618
leaf_weight=202103 135132 147929 118487 160516 126383 209358 249308 143206
leaf_count=43 27 32 24 30 28 44 49 30
internal_value=-0.00220315 -0.045377 -0.0139641 0.0378066 0.017757 0.0421959 -0.0518968 0.00120593
internal_weight=1.49242e+06 717827 569898 774595 614079 487696 451411 278338
internal_count=307 148 116 159 129 101 92 57
is_linear=0
shrinkage=0.03


Tree=17
num_leaves=10
num_cat=0
split_feature=21 7 22 19 22 22 24 23 16
split_gain=2.90811e+06 2.53121e+06 1.88889e+06 2.81493e+06 1.9228e+06 779181 1.46463e+06 1.05808e+06 643846
threshold=-0.009999999999308699 8.8283557891845721 12.786466662154746 6.8392084502272956 14.666796359912455 14.292965147704999 5584.0000000000009 0.79549879607364282 5.1743418809448043
decision_type=2 2 2 2 2 2 2 2 2
left_child=2 5 3 -1 -4 6 8 -7 -2
right_child=1 -3 4 -5 -6 7 -8 -9 -10
leaf_value=0.0070927837125992731 -0.0083196452198915308 0.15485899985678647 0.095407660120425813 -0.17426118115552783 -0.070690652483440863 0.0024074348958148992 -0.087776740000162695 0.11709618480253101 0.077423576538648592
leaf_weight=127039 214704 128187 117488 195674 134569 176582 156540 122702 124532
leaf_count=27 49 23 25 38 30 34 25 26 29
internal_value=-0.00183024 0.0311502 -0.0548063 -0.10287 0.00673064 0.0112043 -0.0118705 0.0494286 0.0231565
internal_weight=1.49802e+06 923247 574770 322713 252057 795060 495776 299284 339236
internal_count=306 186 120 65 55 163 103 60 78
is_linear=0
shrinkage=0.03


Tree=18
num_leaves=10
num_cat=0
split_feature=21 26 17 22 17 15 22 14 17
split_gain=2.89024e+06 2.02786e+06 1.83823e+06 1.86892e+06 1.66222e+06 1.10339e+06 491681 324472 343801
threshold=0.010000000001127702 0.23075485175509439 18.58501001278572 11.033080034667295 11.940163713156913 492.80726125036352 12.727379201721481 507.64005786085858 6.6254446423003843
decision_type=2 2 2 2 2 2 2 2 2
left_child=1 -1 3 -2 5 -3 -5 8 -8
right_child=2 4 -4 6 -6 -7 7 -9 -10
leaf_value=-0.10631060610340122 -0.068637937001950741 0.0014935764117400521 0.14429876734929181 0.094322713559388704 0.092299873535361218 -0.1209545194084146 -0.024517780234479827 0.07192115717526143 0.045410033501224294
leaf_weight=272751 159709 198482 129856 150922 121487 99399 124363 114499 128822
leaf_count=44 31 47 24 31 27 24 25 26 26
internal_value=0.00235809 -0.0426365 0.0408916 0.021095 -0.0012235 -0.0393662 0.0487292 0.0300142 0.0110619
internal_weight=1.50029e+06 692119 808171 678315 419368 297881 518606 367684 253185
internal_count=305 142 163 139 98 71 108 77 51
is_linear=0
shrinkage=0.03


Tree=19
num_leaves=9
num_cat=0
split_feature=21 3 18 22 22 13 5 16
split_gain=3.09324e+06 1.93904e+06 1.39224e+06 1.35927e+06 1.20051e+06 1.1179e+06 729544 402015
threshold=-0.009999999999308699 -6.0684691630085057 5.1020536791152171 13.130624736986618 11.033080034667295 718.24435713696823 578.50000000000011 2.2159121422582775
decision_type=2 2 2 2 2 2 2 2
left_child=1 -1 4 -3 -2 6 -6 -8
right_child=2 3 -4 -5 5 -7 7 -9
leaf_value=-0.14871610554057596 -0.05137247823006174 -0.073644721727939649 0.12487992395387161 0.037204984690990879 -0.038231071969323842 0.11337071055705032 0.014343604366036369 0.082317618698164466
leaf_weight=154424 180528 220752 123619 181341 155285 133670 202630 127629
leaf_count=34 35 46 27 39 30 29 42 25
internal_value=-0.00248814 -0.0583558 0.0311838 -0.0236523 0.0167006 0.036547 0.015397 0.0406126
internal_weight=1.47988e+06 556517 923361 402093 799742 619214 485544 330259
internal_count=307 119 188 85 161 126 97 67
is_linear=0
shrinkage=0.03


Tree=20
num_leaves=11
num_cat=0
split_feature=21 4 18 17 22 7 9 17 15 8
split_gain=2.33856e+06 2.63583e+06 3.46869e+06 1.59067e+06 1.66356e+06 1.1685e+06 667715 426399 257214 239075
threshold=0.010000000001127702 6.4080833750677035 2.9157468534877888 18.58501001278572 11.033080034667295 1.6152510046958926 -0.15353396089419366 7.5985896848945869 402.71077561234904 6.0766594409942636
decision_type=2 2 2 2 2 2 2 2 2 2
left_child=1 2 5 4 -2 -1 -7 9 -9 -6
right_child=3 -3 -4 -5 7 6 -8 8 -10 -11
leaf_value=0.018890519647203764 -0.069454405710220449 -0.15457294178468214 0.14188941802492747 0.13086203407610739 -0.013374043605359751 -0.037940922115216429 -0.12681068522546218 0.098924501289995997 0.039326720168625096 0.041528507933309262
leaf_weight=159717 158588 144550 108054 128484 135140 155969 148573 128296 132478 151297
leaf_count=35 31 31 25 24 32 30 28 26 27 30
internal_value=-0.000371589 -0.0401097 -0.0111991 0.0337736 0.0160993 -0.0468301 -0.0812973 0.0408939 0.0686483 0.0156257
internal_weight=1.55115e+06 716863 572313 834283 705799 464259 304542 547211 260774 286437
internal_count=319 149 118 170 146 93 58 115 53 62
is_linear=0
shrinkage=0.03


Tree=21
num_leaves=9
num_cat=0
split_feature=14 18 21 13 5 18 16 14
split_gain=1.96776e+06 3.08144e+06 2.06357e+06 1.62064e+06 883082 774506 740432 729182
threshold=1065.2049165186206 5.9892873523886214 0.010000000001127702 649.84141798689234 645.50000000000011 -1.7591358931512582 7.4782387065235794 336.15397528554962
decision_type=2 2 2 2 2 2 2 2
left_child=1 2 3 7 5 -4 -7 -1
right_child=-2 -3 4 -5 -6 6 -8 -9
leaf_value=-0.064316812587724051 -0.10754588061169007 0.14404139858554427 0.099732910801817537 -0.13959013051560282 -0.045202908636571823 -0.015553456281104494 0.067302681390200264 0.018099118208178566
leaf_weight=182928 149886 133127 155619 140898 125253 221856 172572 204769
leaf_count=39 32 29 31 26 28 44 34 43
internal_value=-0.00447143 0.00708379 -0.00806121 -0.052455 0.0266883 0.043059 0.0206983 -0.0207875
internal_weight=1.48691e+06 1.33702e+06 1.2039e+06 528595 675300 550047 394428 387697
internal_count=306 274 245 108 137 109 78 82
is_linear=0
shrinkage=0.03


Tree=22
num_leaves=11
num_cat=0
split_feature=21 24 17 4 24 21 17 8 2 8
split_gain=2.35259e+06 2.46865e+06 2.07042e+06 1.53765e+06 1.45809e+06 1.09603e+06 905725 345694 242471 199066
threshold=0.010000000001127702 5672.0000000000009 13.459786185418869 5.2165215597989532 6139.5000000000009 -0.039999999998144596 12.675182909017925 3.5905942916870122 -0.72791270898171712 4.2908573150634775
decision_type=2 2 2 2 2 2 2 2 2 2
left_child=1 2 5 4 6 -1 7 -2 -9 -7
right_child=3 -3 -4 -5 -6 9 -8 8 -10 -11
leaf_value=-0.11614343371040391 -0.03557046750736309 -0.1219335505806875 0.11027033406632283 0.10439212315396851 -0.077556512090902724 -0.035681697864004554 0.10539408151501305 -0.0010122024871044711 0.058729527068448126 0.019235627094172567
leaf_weight=110543 105685 232457 111826 203612 135632 98525 119572 120278 124359 149604
leaf_count=26 25 36 25 40 20 26 26 26 27 32
internal_value=-0.00180464 -0.0419516 -0.00243485 0.0330738 0.0090923 -0.0375743 0.0341032 0.00976967 0.0293571 -0.00257054
internal_weight=1.51209e+06 702955 470498 809138 605526 358672 469894 350322 244637 248129
internal_count=309 145 109 164 124 84 104 78 53 58
is_linear=0
shrinkage=0.03


Tree=23
num_leaves=9
num_cat=0
split_feature=24 22 17 20 11 9 16 4
split_gain=1.8748e+06 3.64408e+06 3.12096e+06 1.82919e+06 608345 539802 585463 490348
threshold=5645.0000000000009 13.943172585051071 17.904678866810457 -0.035000000000763941 0.030852291958660554 -0.12163548890874344 -1.6275052113893087 3.4409874453474756
decision_type=2 2 2 2 2 2 2 2
left_child=2 -2 3 -1 5 -5 -7 -6
right_child=1 -3 -4 4 7 6 -8 -9
leaf_value=-0.09928691883660648 -0.12596467602823636 0.040028594315350059 0.15003005369714445 -0.064316688612555392 0.018395414242017842 0.055405010343091414 -0.025792208785152305 0.096439483158837602
leaf_weight=150959 278994 207592 136290 112366 195831 149778 171350 115005
leaf_count=34 42 33 32 27 43 35 42 27
internal_value=-0.00660596 -0.0551471 0.0162905 -0.00406897 0.0152426 -0.00772354 0.0120792 0.0472711
internal_weight=1.51816e+06 486586 1.03158e+06 895289 744330 433494 321128 310836
internal_count=315 75 240 208 174 104 77 70
is_linear=0
shrinkage=0.03


Tree=24
num_leaves=11
num_cat=0
split_feature=21 4 18 7 16 14 16 9 9 18
split_gain=2.50498e+06 1.9719e+06 2.7369e+06 1.57056e+06 1.53378e+06 828998 966765 656461 380654 353520
threshold=0.010000000001127702 6.4080833750677035 2.9157468534877888 1.6152510046958926 -9.7231550822292387 610.12929874911595 2.4886757507778978 -0.10483715981954093 -0.15353396089419366 -0.6703620924923962
decision_type=2 2 2 2 2 2 2 2 2 2
left_child=1 2 3 -1 -2 6 9 -8 -5 -6
right_child=4 -3 -4 8 5 -7 7 -9 -10 -11
leaf_value=0.028455181373569467 0.1273386030776861 -0.13841382982489245 0.1220429733266277 -0.054277644456348334 0.019562393356772029 -0.055736962257525231 0.10562380546813291 0.017916450479747662 -0.1203521076733831 -0.050681689393260732
leaf_weight=161303 132722 152225 104341 159843 145790 119851 173288 137941 154154 115616
leaf_count=36 25 32 24 30 30 27 35 27 29 23
internal_value=-0.00191836 -0.0423233 -0.0170876 -0.0476309 0.0339162 0.0160105 0.0310272 0.0667511 -0.0867169 -0.0115056
internal_weight=1.55707e+06 731866 579641 475300 825208 692486 572635 311229 313997 261406
internal_count=318 151 119 95 167 142 115 62 59 53
is_linear=0
shrinkage=0.03


Tree=25
num_leaves=11
num_cat=0
split_feature=21 23 19 10 26 12 23 26 9 11
split_gain=2.10015e+06 1.94687e+06 3.23987e+06 1.63109e+06 3.46243e+06 1.35585e+06 1.23084e+06 1.19084e+06 736216 456562
threshold=-0.009999999999308699 0.80774885635885096 11.115750846245946 0.00088385300038160012 0.22238694862752637 388.79317957652381 0.77129832484851357 0.25626835483018651 -0.19850340683473652 0.023026514684298404
decision_type=2 2 2 2 2 2 2 2 2 2
left_child=3 5 9 -1 -5 -2 -6 -7 -8 -3
right_child=1 2 -4 4 6 7 8 -9 -10 -11
leaf_value=0.054432808748830837 0.045821269011199678 0.061369903210254151 0.20288252850940966 -0.18458564647591369 -0.10338281828595947 -0.12400072367780737 -0.031876245369692066 0.0069907199082481497 0.074924711443704592 -0.002897989098273246
leaf_weight=121630 166913 178348 120353 156501 96330 137340 110802 114561 122100 224976
leaf_count=28 33 38 24 25 23 24 24 28 28 43
internal_value=-0.0003098 0.0277242 0.0662835 -0.0438123 -0.0684135 -0.0204895 -0.0131901 -0.064428 0.0241148 0.0255211
internal_weight=1.54985e+06 942491 523677 607363 485733 418814 329232 251901 232902 403324
internal_count=318 190 105 128 100 85 75 52 52 81
is_linear=0
shrinkage=0.03


Tree=26
num_leaves=10
num_cat=0
split_feature=8 15 16 16 22 23 12 0 26
split_gain=1.84612e+06 4.35415e+06 2.96909e+06 2.64552e+06 1.97397e+06 1.33995e+06 943064 907598 513131
threshold=6.6121385097503671 778.83151212564576 3.2353035304012563 8.8697755214639677 13.877147795931243 0.74497753084790197 346.50030313558256 0.3955830539923923 0.28835055708699736
decision_type=2 2 2 2 2 2 2 2 2
left_child=3 2 4 5 -2 -1 -7 -4 -8
right_child=1 -3 7 -5 -6 6 8 -9 -10
leaf_value=-0.092833449401575938 -0.11383497762925764 0.17234882481241132 0.014845649769915934 -0.14641496170890111 0.022391522588078003 -0.043927163543423971 0.073802485725434588 0.12271243301967802 -0.0062517656857321901
leaf_weight=126097 225307 158219 133082 150951 166460 153579 211167 148587 109390
leaf_count=28 41 32 26 31 33 35 39 29 31
internal_value=-6.03405e-05 0.0307314 -0.00254103 -0.0341506 -0.0559531 -0.00591717 0.0171986 0.0717484 0.0464841
internal_weight=1.58284e+06 831655 673436 751184 391767 600233 474136 281669 320557
internal_count=325 161 129 164 74 133 105 55 70
is_linear=0
shrinkage=0.03


Tree=27
num_leaves=9
num_cat=0
split_feature=15 20 12 4 12 16 7 7
split_gain=2.60751e+06 1.83588e+06 2.06406e+06 765794 769061 676253 948326 515930
threshold=1299.6330229894465 0.019999999999527004 521.99359230215839 4.1973387298058524 354.6018217708301 2.4886757507778978 4.0538625717163095 2.4765329360961919
decision_type=2 2 2 2 2 2 2 2
left_child=1 2 3 4 -1 7 -7 -3
right_child=-2 5 -4 -5 -6 6 -8 -9
leaf_value=-0.072553199034039104 0.13460974553655744 0.048610771393005701 -0.1152950769020722 0.060414134189234608 0.022514809315605365 0.011732471025956884 0.10779807907992661 -0.02829034750406164
leaf_weight=159066 138983 126104 211253 128667 147686 185581 184357 208066
leaf_count=34 28 28 43 30 29 38 37 40
internal_value=0.0108772 -0.00185391 -0.0383484 -0.00101573 -0.0267827 0.0316637 0.0596067 0.000729501
internal_weight=1.48976e+06 1.35078e+06 646672 435419 306752 704108 369938 334170
internal_count=307 279 136 93 63 143 75 68
is_linear=0
shrinkage=0.03


Tree=28
num_leaves=11
num_cat=0
split_feature=3 24 13 20 7 5 4 26 4 20
split_gain=1.81579e+06 2.29708e+06 3.91134e+06 953408 753538 695967 561308 433279 430399 247174
threshold=13.089559654005777 6594.0000000000009 1274.845041923804 0.019999999999527004 6.2171943187713632 519.50000000000011 4.4097267476554531 0.25626835483018651 2.0659062880343391 0.03499999999985446
decision_type=2 2 2 2 2 2 2 2 2 2
left_child=1 2 3 5 7 -1 8 -5 -7 -9
right_child=-2 -3 -4 4 -6 6 -8 9 -10 -11
leaf_value=-0.1032815377236382 0.088549168903602288 0.096707932764430099 -0.17536245203895004 -0.032239291714639524 0.083660320958335213 -0.0041154671538568641 0.035731051857336674 0.059902919661906251 -0.076156248599283077 -0.0031306832713962436
leaf_weight=112156 174507 149723 142753 197058 126669 145267 119799 113287 153510 110695
leaf_count=23 38 19 31 36 25 30 26 27 32 28
internal_value=-0.00259448 -0.0141965 -0.0277939 -0.00826001 0.0195067 -0.0369149 -0.0191318 0.00020587 -0.0411299 0.028751
internal_weight=1.54542e+06 1.37092e+06 1.22119e+06 1.07844e+06 547709 530732 418576 421040 298777 223982
internal_count=315 277 258 227 116 111 88 91 62 55
is_linear=0
shrinkage=0.03


Tree=29
num_leaves=10
num_cat=0
split_feature=17 18 3 20 0 9 5 26 14
split_gain=2.8262e+06 1.64588e+06 868408 1.00598e+06 949685 561521 363523 266934 217370
threshold=18.58501001278572 -5.1304485229429098 7.4144122989284851 -0.035000000000763941 1.2321655501129063 -0.13091457747987231 606.50000000000011 0.25754672581995419 372.56617583718895
decision_type=2 2 2 2 2 2 2 2 2
left_child=1 -1 3 -3 5 7 -7 -5 -8
right_child=-2 2 -4 4 -6 6 8 -9 -10
leaf_value=-0.11504067577205204 0.105925314092654 -0.083254947658917652 0.059313214297971144 -0.040064178859043814 -0.04965159779814092 0.0060096474158304134 0.040648220919948186 0.021257597418450826 0.09821098058902912
leaf_weight=120503 223810 144332 194376 143387 231986 138227 128023 115226 109584
leaf_count=27 43 31 42 25 45 28 27 28 23
internal_value=0.00731898 -0.00932896 0.00124139 -0.00992624 0.00228914 0.0212814 0.0446931 -0.012742 0.0671967
internal_weight=1.54945e+06 1.32564e+06 1.20514e+06 1.01076e+06 866433 634447 375834 258613 237607
internal_count=319 276 249 207 176 131 78 53 50
is_linear=0
shrinkage=0.03


Tree=30
num_leaves=10
num_cat=0
split_feature=21 7 22 19 17 22 7 24 17
split_gain=2.26189e+06 3.24466e+06 2.10387e+06 3.09969e+06 1.5479e+06 695677 976297 795605 617629
threshold=-0.009999999999308699 8.8283557891845721 12.727379201721481 7.0729505126683501 9.7289542832656526 14.292965147704999 1.6593218445777895 5584.0000000000009 9.6289176131258305
decision_type=2 2 2 2 2 2 2 2 2
left_child=2 5 3 -1 -4 7 -7 8 -2
right_child=1 -3 4 -5 -6 6 -8 -9 -10
leaf_value=0.0074880771540010473 -0.017825054750182878 0.17637208973366822 -0.047282265441691264 -0.18130971129193157 0.10157302057695486 -0.025367477650565282 0.083613361311841036 -0.065721106821611683 0.067578322438430358
leaf_weight=143021 197988 121401 138724 172854 114981 115628 205398 166546 123904
leaf_count=31 46 22 33 33 24 25 40 26 28
internal_value=0.00293371 0.0317462 -0.0441545 -0.0958268 0.0201803 0.0100552 0.0443604 -0.0124919 0.0150489
internal_weight=1.50044e+06 930865 569580 315875 253705 809464 321026 488438 321892
internal_count=308 187 121 64 57 165 65 100 74
is_linear=0
shrinkage=0.03


Tree=31
num_leaves=11
num_cat=0
split_feature=17 20 19 22 7 22 17 22 11 8
split_gain=2.89472e+06 1.95544e+06 1.92261e+06 731668 925354 673032 846468 609002 496993 334187
threshold=24.100657912435786 0.019999999999527004 6.721464692584429 13.789896393958465 3.7340718507766728 10.507241424332797 12.864342161519888 12.073907677194262 0.016106870268353154 6.1413266658782968
decision_type=2 2 2 2 2 2 2 2 2 2
left_child=1 2 9 4 -4 -3 7 -7 -9 -1
right_child=-2 5 3 -5 -6 6 -8 8 -10 -11
leaf_value=0.045141946312121907 0.14599058317974273 -0.034785930196471131 -0.059392811122839624 -0.029856321299628175 -0.1740666009561824 0.07962781418110855 0.11271442557716951 0.03882548768317759 -0.031247922059697668 -0.019769242735313948
leaf_weight=149980 120482 132748 123666 126809 129816 125222 115876 177897 186684 136209
leaf_count=36 22 27 27 26 24 26 25 37 37 26
internal_value=0.00486903 -0.00723345 -0.0444879 -0.0886898 -0.118122 0.0263913 0.0397997 0.0225493 0.00294433 0.0142481
internal_weight=1.52539e+06 1.40491e+06 666480 380291 253482 738427 605679 489803 364581 286189
internal_count=313 291 139 77 51 152 125 100 74 62
is_linear=0
shrinkage=0.03


Tree=32
num_leaves=10
num_cat=0
split_feature=24 24 7 19 13 21 4 24 7
split_gain=1.56975e+06 3.01458e+06 1.68255e+06 3.14143e+06 1.32041e+06 600812 688307 400959 300827
threshold=6753.5000000000009 6139.5000000000009 4.8564069271087655 9.6177319663485132 1129.0274257465264 -0.029999999999745296 5.4002972085408931 4541.0000000000009 1.7101720571517947
decision_type=2 2 2 2 2 2 2 2 2
left_child=1 2 4 -4 5 -1 7 8 -7
right_child=-2 -3 3 -5 -6 6 -8 -9 -10
leaf_value=-0.054460980793854044 0.086585586533301381 -0.13541423445433629 -0.024330117639614589 0.15569834789416825 -0.11732282591463347 -0.013830903409264581 0.075979758010318504 -0.03334961799977941 0.059796397549504193
leaf_weight=181781 151011 165433 194883 157923 112649 98146 108955 250337 101688
leaf_count=40 19 26 41 32 27 28 25 48 27
internal_value=-0.00521616 -0.0153221 0.0011468 0.0562546 -0.0216313 -0.0070819 0.00832193 -0.00805355 0.0236354
internal_weight=1.52281e+06 1.3718e+06 1.20636e+06 352806 853556 740907 559126 450171 199834
internal_count=313 294 268 73 195 168 128 103 55
is_linear=0
shrinkage=0.03


Tree=33
num_leaves=10
num_cat=0
split_feature=0 4 16 13 13 20 22 22 16
split_gain=1.8285e+06 3.01748e+06 2.66838e+06 789837 1.14664e+06 985612 556291 594412 655136
threshold=-5.8240236349152559 6.4080833750677035 17.258172365750834 995.80317046021173 682.52785328482662 -0.035000000000763941 15.752609856873738 11.375998694409091 2.4886757507778978
decision_type=2 2 2 2 2 2 2 2 2
left_child=-1 2 3 4 5 -2 7 -7 -9
right_child=1 -3 -4 -5 -6 6 -8 8 -10
leaf_value=0.10423649003764179 -0.084920106319889638 -0.13650698920555016 0.13703252270308561 0.05431500626740992 -0.10504874395451042 -0.017540127928145466 -0.045837114542288337 0.0022548882316318812 0.084763941129201978
leaf_weight=131718 129731 157351 120566 144402 126810 248804 155815 174359 172097
leaf_count=26 27 33 24 29 26 49 32 39 34
internal_value=-0.00272046 -0.0125729 0.00275133 -0.0113022 -0.020706 -0.00856291 0.00462622 0.0178356 0.0432404
internal_weight=1.56165e+06 1.42994e+06 1.27258e+06 1.15202e+06 1.00762e+06 880806 751075 595260 346456
internal_count=319 293 260 236 207 181 154 122 73
is_linear=0
shrinkage=0.03


Tree=34
num_leaves=9
num_cat=0
split_feature=17 18 24 3 17 21 9 11
split_gain=2.57496e+06 1.25451e+06 737688 732756 716590 499436 393588 348539
threshold=19.107462331983161 -4.9530592442242769 6331.5000000000009 7.4144122989284851 11.765611530598848 -0.029999999999745296 -0.090781672280889583 0.046857923417626159
decision_type=2 2 2 2 2 2 2 2
left_child=1 -1 3 4 5 -3 7 -7
right_child=-2 2 -4 -5 -6 6 -8 -9
leaf_value=-0.1071436298472532 0.095265276105033492 -0.068072572212787341 -0.062030715458347714 0.060750292909411092 0.052591005941195847 -0.051338278417451207 0.029955031446420671 0.0085165669563148135
leaf_weight=114285 237167 145172 164554 183292 155874 191616 185851 161229
leaf_count=26 46 33 22 40 33 41 42 34
internal_value=0.00434999 -0.0122125 -0.00307682 0.00640595 -0.00545599 -0.0186868 -0.00537767 -0.0239883
internal_weight=1.53904e+06 1.30187e+06 1.18759e+06 1.02303e+06 839742 683868 538696 352845
internal_count=317 271 245 223 183 150 117 75
is_linear=0
shrinkage=0.03


Tree=35
num_leaves=10
num_cat=0
split_feature=17 18 21 19 22 19 18 19 17
split_gain=2.29835e+06 1.12571e+06 712373 892977 880574 518185 336319 297898 230674
threshold=19.107462331983161 -5.1304485229429098 0.010000000001127702 6.6744485141962118 11.033080034667295 5.9241112064178214 1.837801925481559 8.711617332670313 4.0609848262884176
decision_type=2 2 2 2 2 2 2 2 2
left_child=1 -1 3 8 -4 -6 -7 -5 -3
right_child=-2 2 4 7 5 6 -8 -9 -10
leaf_value=-0.10698549821181917 0.090280638716895928 -0.020259663472647998 -0.049347417618952304 -0.10112422763217145 -0.0053125902852975346 0.086466762668243297 0.02527585511461293 -0.036727915932179285 0.036719728122282795
leaf_weight=110250 216347 137023 156702 144975 208491 158915 164543 116700 119894
leaf_count=25 42 32 31 28 45 31 34 24 23
internal_value=-0.000341767 -0.0152231 -0.00684283 -0.0333989 0.0131553 0.0315676 0.0553394 -0.0724058 0.00633061
internal_weight=1.53384e+06 1.31749e+06 1.20724e+06 518592 688651 531949 323458 261675 256917
internal_count=315 273 248 107 141 110 65 52 55
is_linear=0
shrinkage=0.03


Tree=36
num_leaves=10
num_cat=0
split_feature=24 3 22 7 19 7 16 11 19
split_gain=2.4885e+06 3.44282e+06 1.85019e+06 1.99973e+06 1.88278e+06 782411 1.37845e+06 653325 424370
threshold=6594.0000000000009 -10.850855326326744 11.033080034667295 8.8283557891845721 7.0946448406220588 5.8436090946197519 -9.2523354563165956 0.030852291958660554 4.9866451128454834
decision_type=2 2 2 2 2 2 2 2 2
left_child=1 -1 4 5 -3 6 -4 8 -8
right_child=-2 2 3 -5 -6 -7 7 -9 -10
leaf_value=-0.12606712970445838 0.11537355959356629 0.02124577863512251 0.11533618060536617 0.14570913229690888 -0.13016557665215645 -0.05241734199378565 0.0172938242873685 0.05501600860670685 -0.047825283096004076
leaf_weight=194972 161157 146095 128523 118949 149599 133575 171626 166054 189529
leaf_count=40 21 32 27 24 31 26 42 37 41
internal_value=0.00374229 -0.00911786 0.00982149 0.0310414 -0.0553573 0.0137605 0.0272413 0.00576519 -0.0168798
internal_weight=1.56008e+06 1.39892e+06 1.20395e+06 908256 295694 789307 655732 527209 361155
internal_count=321 300 260 197 63 173 147 120 83
is_linear=0
shrinkage=0.03


Tree=37
num_leaves=9
num_cat=0
split_feature=16 14 13 21 16 26 14 8
split_gain=1.73953e+06 3.98615e+06 2.64568e+06 1.19295e+06 846021 488494 648012 260491
threshold=-7.9283715999527695 580.54485718992726 1129.0274257465264 -0.029999999999745296 13.222235319824486 0.21597073720489557 372.56617583718895 6.3315260410308847
decision_type=2 2 2 2 2 2 2 2
left_child=1 -1 3 -2 5 -5 7 -7
right_child=2 -3 -4 4 -6 6 -8 -9
leaf_value=-0.020200214224983349 -0.069700375657155825 0.19603816602207869 -0.1267974363589473 -0.047369016239972285 0.089535895613282179 -0.035294491449581682 0.056936249525193126 0.020306154382077841
leaf_weight=213238 182320 119842 177363 140172 118034 178247 206611 131990
leaf_count=42 40 24 35 21 25 40 46 28
internal_value=-0.00267708 0.0576029 -0.0203712 -0.000654425 0.0155877 0.00230265 0.015774 -0.0116392
internal_weight=1.46782e+06 333080 1.13474e+06 957374 775054 657020 516848 310237
internal_count=301 66 235 200 160 135 114 68
is_linear=0
shrinkage=0.03


Tree=38
num_leaves=10
num_cat=0
split_feature=3 27 27 19 19 20 12 7 16
split_gain=1.80979e+06 1.95265e+06 3.40494e+06 3.71333e+06 1.51963e+06 728783 484744 508258 117411
threshold=13.089559654005777 6593.0000000000009 5671.0000000000009 8.4357274396625517 12.226663466677163 -0.035000000000763941 521.99359230215839 4.0538625717163095 1.0458217260564331
decision_type=2 2 2 2 2 2 2 2 2
left_child=1 2 4 -4 5 -1 7 8 -7
right_child=-2 -3 3 -5 -6 6 -8 -9 -10
leaf_value=-0.069806531259582527 0.099559732993263178 0.095382463232267956 0.0017568467465126311 -0.20382640835814403 0.093400201699479282 0.016941056673720197 -0.035254546331609841 0.067936068533973687 -0.021545751074969276
leaf_weight=139412 160593 150057 153588 162982 161918 160896 180655 149996 128163
leaf_count=32 35 19 25 27 35 37 43 33 30
internal_value=0.00421648 -0.00681759 -0.0192092 -0.104086 0.00996372 -0.00783316 0.00610872 0.0231283 -0.000123206
internal_weight=1.54826e+06 1.38767e+06 1.23761e+06 316570 921040 759122 619710 439055 289059
internal_count=316 281 262 52 210 175 143 100 67
is_linear=0
shrinkage=0.03


Tree=39
num_leaves=10
num_cat=0
split_feature=24 3 22 7 23 23 25 20 20
split_gain=2.53176e+06 3.88661e+06 1.74875e+06 1.96965e+06 1.23977e+06 1.06776e+06 906691 463141 436427
threshold=6594.0000000000009 -10.850855326326744 11.033080034667295 8.8283557891845721 0.81130997455184362 0.8936355904881671 1729.0000000000002 0.025000000000545652 -0.020000000001345993
decision_type=2 2 2 2 2 2 2 2 2
left_child=1 -1 5 4 7 -3 -6 8 -4
right_child=-2 2 3 -5 6 -7 -8 -9 -10
leaf_value=-0.13016233355695811 0.12787636813073885 -0.099841947705429659 0.0031126521538177255 0.15475715860936848 0.12944521070205839 0.015243487530349407 0.02642600211480433 0.024701662230576356 -0.073525508342277834
leaf_weight=192978 141631 162435 123243 110144 118125 131127 220257 170540 146212
leaf_count=40 19 34 27 22 27 28 47 39 30
internal_value=0.00710553 -0.00533399 0.0150447 0.0360185 0.0192161 -0.0484363 0.0623893 -0.0139868 -0.038473
internal_weight=1.51669e+06 1.37506e+06 1.18208e+06 888521 778377 293562 338382 439995 269455
internal_count=313 294 254 192 170 62 74 96 57
is_linear=0
shrinkage=0.03


Tree=40
num_leaves=9
num_cat=0
split_feature=16 12 24 17 21 16 7 22
split_gain=2.45613e+06 2.09879e+06 2.40313e+06 1.42429e+06 546673 362046 606051 211310
threshold=-11.888424056181826 643.32495172136134 5098.0000000000009 12.675182909017925 -0.029999999999745296 3.9201249240910689 3.1673235893249516 11.914871632609545
decision_type=2 2 2 2 2 2 2 2
left_child=-1 3 -3 4 -2 6 7 -6
right_child=1 2 -4 -5 5 -7 -8 -9
leaf_value=0.096780499944117165 -0.05373389737467181 0.0046990281341296172 -0.16844130783463226 0.092586186569938 -0.0092926650112024421 0.036956337783967036 -0.049061015227422018 0.04234322247239148
leaf_weight=214247 181249 140477 148325 150366 132391 216721 204451 154642
leaf_count=43 39 38 24 31 26 44 39 33
internal_value=0.00252126 -0.0126786 -0.0842241 0.00719269 -0.0072436 0.00465463 -0.00958894 0.0185268
internal_weight=1.54287e+06 1.32862e+06 288802 1.03982e+06 889454 708205 491484 287033
internal_count=317 274 62 212 181 142 98 59
is_linear=0
shrinkage=0.03


Tree=41
num_leaves=10
num_cat=0
split_feature=21 4 14 23 17 8 19 19 11
split_gain=1.62184e+06 2.63801e+06 1.60296e+06 1.56384e+06 2.56399e+06 1.40754e+06 906783 753884 477048
threshold=-0.009999999999308699 5.856850943286477 544.46212022288239 0.80774885635885096 12.675182909017925 6.0766594409942636 10.312494052107914 5.9241112064178214 0.023790699369542655
decision_type=2 2 2 2 2 2 2 2 2
left_child=1 2 5 6 8 -1 7 -2 -5
right_child=3 -3 -4 4 -6 -7 -8 -9 -10
leaf_value=0.020891342489835742 -0.033343026636969954 -0.1638452906170895 0.08959961893904915 0.055098030210616843 0.15901471170696965 -0.10599940900781553 -0.077530196499507764 0.064983662996863367 -0.014118995419440089
leaf_weight=160875 148300 122659 115252 153620 158465 153978 153096 133218 215079
leaf_count=36 32 28 23 32 33 31 28 28 40
internal_value=-0.000173554 -0.0411233 -0.00612431 0.0233616 0.0580958 -0.0411645 -0.0187693 0.0131865 0.0147207
internal_weight=1.51454e+06 552764 430105 961778 527164 314853 434614 281518 368699
internal_count=311 118 90 193 105 67 88 60 72
is_linear=0
shrinkage=0.03


Tree=42
num_leaves=10
num_cat=0
split_feature=17 19 19 20 20 20 4 18 4
split_gain=2.039e+06 983529 977723 632270 333653 432793 388326 355456 250125
threshold=24.100657912435786 13.124071532501619 11.064499934796119 -0.035000000000763941 0.03499999999985446 0.025000000000545652 3.9750191880033747 1.1447099032988006 2.202345582654794
decision_type=2 2 2 2 2 2 2 2 2
left_child=1 2 3 -1 5 6 8 -6 -5
right_child=-2 -3 -4 4 7 -7 -8 -9 -10
leaf_value=-0.05644758973731745 0.12458927352824481 -0.077192277196149336 0.082816283501100207 0.0080825866265324779 0.0079758623175683763 0.053325404477039762 0.040627742888119045 -0.062253670399990108 -0.045582562533965906
leaf_weight=165761 125780 139184 135994 165424 154831 215438 156142 111620 148182
leaf_count=35 23 28 27 33 34 43 36 24 30
internal_value=0.00891324 -0.00153498 0.00686655 -0.00237711 0.00704125 0.0181187 0.00197178 -0.0214444 -0.0172748
internal_weight=1.51836e+06 1.39258e+06 1.25339e+06 1.1174e+06 951637 685186 469748 266451 313606
internal_count=313 290 262 235 200 142 99 58 63
is_linear=0
shrinkage=0.03


Tree=43
num_leaves=9
num_cat=0
split_feature=17 24 18 20 8 16 16 20
split_gain=1.38113e+06 1.60428e+06 750326 536535 527590 695068 641823 291222
threshold=19.107462331983161 6301.5000000000009 -5.1304485229429098 -0.035000000000763941 6.6121385097503671 1.0458217260564331 0.71505451964805566 -0.015000000000327347
decision_type=2 2 2 2 2 2 2 2
left_child=1 2 -1 -4 5 7 -6 -5
right_child=-2 -3 3 4 6 -7 -8 -9
leaf_value=-0.074324589158658319 0.072426073129780402 -0.10358359174347641 -0.043708562501781671 0.065277935742267465 0.0032084996798874802 -0.044836090299661797 0.078519215906246997 0.0012563948146620924
leaf_weight=105319 211996 146724 144700 113559 190466 203188 218892 146365
leaf_count=24 41 20 31 27 40 45 44 33
internal_value=0.00154488 -0.0102944 0.00189981 0.00979232 0.0186656 -0.00326765 0.0434789 0.0292273
internal_weight=1.48121e+06 1.26921e+06 1.12249e+06 1.01717e+06 872470 463112 409358 259924
internal_count=305 264 244 220 189 105 84 60
is_linear=0
shrinkage=0.03


Tree=44
num_leaves=10
num_cat=0
split_feature=24 3 7 23 25 24 4 12 2
split_gain=1.64672e+06 3.31714e+06 1.17337e+06 842280 1.07069e+06 810283 588491 518238 441631
threshold=6524.0000000000009 -11.310978037604128 8.8283557891845721 0.72012296942504117 1604.0000000000002 5584.0000000000009 2.3998380750982502 339.33847641690454 -0.25029819833104378
decision_type=2 2 2 2 2 2 2 2 2
left_child=1 -1 3 -3 6 7 -5 -6 -9
right_child=-2 2 -4 4 5 -7 -8 8 -10
leaf_value=-0.131835328863776 0.096000963760658281 -0.069069978995905723 0.091857997940942501 0.017867873590539794 -0.040602932943302285 -0.070160091902494962 0.10985357927299447 -0.0047439395771716568 0.06215062054313774
leaf_weight=169902 152850 141346 138832 129334 140438 156163 121305 184523 171256
leaf_count=36 20 31 27 27 32 26 26 44 40
internal_value=0.00266359 -0.00788018 0.00991942 -0.00097317 0.00968587 -0.010562 0.062388 0.00819418 0.0274562
internal_weight=1.50595e+06 1.3531e+06 1.1832e+06 1.04436e+06 903019 652380 250639 496217 355779
internal_count=309 289 253 226 195 142 53 116 84
is_linear=0
shrinkage=0.03


Tree=45
num_leaves=10
num_cat=0
split_feature=15 2 20 13 16 16 3 25 9
split_gain=1.42543e+06 1.10616e+06 1.64969e+06 2.12332e+06 626835 512429 599328 430166 227662
threshold=1299.6330229894465 -5.1663325442243693 0.020000000001346 682.52785328482662 5.4113058564293794 3.0015032481404558 2.4470760111317107 1651.5000000000002 -0.10180287524321328
decision_type=2 2 2 2 2 2 2 2 2
left_child=1 -1 3 4 7 8 -7 -3 -4
right_child=-2 2 5 -5 -6 6 -8 -9 -10
leaf_value=0.053537313117471765 0.091709585522498707 -0.072604743288737991 -0.040456758806269991 -0.15705348234795893 0.036805908604832245 0.0086735362727154292 0.098426737736244954 -0.0085917702783098581 0.018306135937303368
leaf_weight=226096 145423 196328 118156 134735 120334 147296 122766 182128 119193
leaf_count=46 30 40 26 25 24 31 25 38 24
internal_value=0.00241552 -0.00708357 -0.0190967 -0.0513809 -0.0228356 0.0212115 0.0494744 -0.0417994 -0.010947
internal_weight=1.51246e+06 1.36703e+06 1.14094e+06 633525 498790 507411 270062 378456 237349
internal_count=309 279 233 127 102 106 56 78 50
is_linear=0
shrinkage=0.03


Tree=46
num_leaves=10
num_cat=0
split_feature=8 15 16 27 23 18 12 9 27
split_gain=1.20499e+06 5.3577e+06 2.72522e+06 1.33083e+06 1.13816e+06 884339 823590 652647 262311
threshold=6.7136836051940927 884.782523267074 8.8697755214639677 6138.5000000000009 0.74497753084790197 2.8168183833047693 342.83399530216838 -0.19117579376118302 4251.5000000000009
decision_type=2 2 2 2 2 2 2 2 2
left_child=2 3 4 5 -1 7 -6 -2 -8
right_child=1 -3 -4 -5 6 -7 8 -9 -10
leaf_value=-0.078062090698655343 -0.065632691252491202 0.20997083942503628 -0.13730555572854961 -0.075383647405178292 -0.038756222545005374 0.079585419929351767 0.0078040706359203404 0.022815213947936279 0.065019833992867523
leaf_weight=125865 115718 120904 158687 185413 137847 150203 102668 213814 242341
leaf_count=28 24 24 32 27 31 32 30 45 45
internal_value=0.000159867 0.0262664 -0.0265809 -0.00712602 0.0022841 0.0192551 0.023228 -0.00824419 0.0479937
internal_weight=1.55346e+06 786052 767408 665148 608721 479735 482856 329532 345009
internal_count=318 152 166 128 134 101 106 69 75
is_linear=0
shrinkage=0.03


Tree=47
num_leaves=10
num_cat=0
split_feature=26 17 4 11 19 11 19 23 9
split_gain=1.06757e+06 2.25992e+06 1.88302e+06 1.88408e+06 1.28819e+06 353162 347266 340045 429358
threshold=0.24842640909235023 17.297371419177527 5.856850943286477 0.016106870268353154 8.886614936834766 0.0091307088492784527 5.029165308164961 0.77886105052732579 -0.16575138125795372
decision_type=2 2 2 2 2 2 2 2 2
left_child=2 5 3 -1 -5 6 -2 -7 -9
right_child=1 -3 -4 4 -6 7 -8 8 -10
leaf_value=0.084640634389672523 0.016391981224746735 0.14837663348440466 -0.11011560527781022 -0.078999937873631174 0.026525651839418039 -0.015719378256956799 -0.05461905066696722 0.0071845408924006426 0.08838123463491443
leaf_weight=173639 110082 115365 176474 237435 185415 134044 141838 128939 107459
leaf_count=29 31 27 30 40 31 33 34 30 26
internal_value=0.000607027 0.0264215 -0.0240307 0.00143822 -0.0327282 0.00381469 -0.0235893 0.0224509 0.0440945
internal_weight=1.51069e+06 737727 772963 596489 422850 622362 251920 370442 236398
internal_count=311 181 130 100 71 154 65 89 56
is_linear=0
shrinkage=0.03


Tree=48
num_leaves=10
num_cat=0
split_feature=16 4 17 25 2 2 8 23 10
split_gain=2.05129e+06 2.24308e+06 3.18707e+06 701801 1.10908e+06 576146 354732 291562 320954
threshold=-11.888424056181826 6.5789976249340549 17.297371419177527 1539.5000000000002 2.7148280746819893 0.42341862979144895 6.0766594409942636 0.85187621616010334 0.0055946104153894007
decision_type=2 2 2 2 2 2 2 2 2
left_child=-1 2 3 6 5 7 -2 8 -5
right_child=1 -3 -4 4 -6 -7 -8 -9 -10
leaf_value=0.086931466962609935 -0.015772080104485924 -0.099043400007551338 0.1545681366584517 0.01959520654208817 -0.077193104946109287 0.071800138993270826 -0.089587179330949993 0.032392103738585663 -0.04172951239069693
leaf_weight=224507 106690 218321 116541 138623 130341 143306 129979 195259 172247
leaf_count=45 26 44 23 28 30 27 24 42 35
internal_value=0.002958 -0.0109935 0.00597343 -0.011064 0.0026692 0.0186977 -0.0563119 0.00366196 -0.0143836
internal_weight=1.57581e+06 1.35131e+06 1.13299e+06 1.01644e+06 779776 649435 236669 506129 310870
internal_count=324 279 235 212 162 132 50 105 63
is_linear=0
shrinkage=0.03


Tree=49
num_leaves=10
num_cat=0
split_feature=10 24 13 13 13 3 3 25 15
split_gain=1.59423e+06 2.24162e+06 3.38359e+06 1.44454e+06 1.05061e+06 508088 480013 274370 169274
threshold=0.054724494736976659 5672.0000000000009 585.98367527832045 995.80317046021173 530.03768956629722 2.2371520335348252 -1.4111595765624112 1748.5000000000002 342.1872298365758
decision_type=2 2 2 2 2 2 2 2 2
left_child=1 3 -3 4 5 6 8 -7 -1
right_child=-2 2 -4 -5 -6 7 -8 -9 -10
leaf_value=0.045875688179505131 0.079340114363544864 -0.0029153230766803245 -0.18130761455941719 0.10383210781835098 -0.061485049988045826 0.083308484660283733 -0.057586666960903761 0.017575267389834691 -0.0072297130258313922
leaf_weight=107695 183881 239390 159409 129784 210448 118113 110691 110724 108384
leaf_count=26 36 37 24 32 49 30 25 24 24
internal_value=-0.00331814 -0.0150584 -0.0742234 0.01128 -0.00440027 0.0172219 -0.00678567 0.0515036 0.0192384
internal_weight=1.47852e+06 1.29464e+06 398799 895839 766055 555607 326770 228837 216079
internal_count=307 271 61 210 178 129 75 54 50
is_linear=0
shrinkage=0.03


end of trees

feature_importances:
Column_19=39
Column_17=32
Column_21=32
Column_4=31
Column_22=31
Column_16=29
Column_7=24
Column_20=21
Column_24=19
Column_18=17
Column_9=16
Column_13=16
Column_23=16
Column_12=15
Column_3=14
Column_8=14
Column_15=13
Column_26=12
Column_11=11
Column_2=9
Column_14=9
Column_25=7
Column_5=6
Column_10=5
Column_27=5
Column_0=4

parameters:
[boosting: gbdt]
[objective: regression]
[metric: l2]
[tree_learner: serial]
[device_type: cpu]
[data_sample_strategy: bagging]
[data: ]
[valid: ]
[num_iterations: 50]
[learning_rate: 0.03]
[num_leaves: 15]
[num_threads: 8]
[seed: 42]
[deterministic: 0]
[force_col_wise: 0]
[force_row_wise: 0]
[histogram_pool_size: -1]
[max_depth: -1]
[min_data_in_leaf: 25]
[min_sum_hessian_in_leaf: 0.001]
[bagging_fraction: 0.9]
[pos_bagging_fraction: 1]
[neg_bagging_fraction: 1]
[bagging_freq: 1]
[bagging_seed: 400]
[bagging_by_query: 0]
[feature_fraction: 0.8]
[feature_fraction_bynode: 1]
[feature_fraction_seed: 30056]
[extra_trees: 0]
[extra_seed: 12879]
[early_stopping_round: 0]
[early_stopping_min_delta: 0]
[first_metric_only: 0]
[max_delta_step: 0]
[lambda_l1: 0.5]
[lambda_l2: 2]
[linear_lambda: 0]
[min_gain_to_split: 0]
[drop_rate: 0.1]
[max_drop: 50]
[skip_drop: 0.5]
[xgboost_dart_mode: 0]
[uniform_drop: 0]
[drop_seed: 17869]
[top_rate: 0.2]
[other_rate: 0.1]
[min_data_per_group: 100]
[max_cat_threshold: 32]
[cat_l2: 10]
[cat_smooth: 10]
[max_cat_to_onehot: 4]
[top_k: 20]
[monotone_constraints: ]
[monotone_constraints_method: basic]
[monotone_penalty: 0]
[feature_contri: ]
[forcedsplits_filename: ]
[refit_decay_rate: 0.9]
[cegb_tradeoff: 1]
[cegb_penalty_split: 0]
[cegb_penalty_feature_lazy: ]
[cegb_penalty_feature_coupled: ]
[path_smooth: 0]
[interaction_constraints: ]
[verbosity: -1]
[saved_feature_importance_type: 0]
[use_quantized_grad: 0]
[num_grad_quant_bins: 4]
[quant_train_renew_leaf: 0]
[stochastic_rounding: 1]
[linear_tree: 0]
[max_bin: 255]
[max_bin_by_feature: ]
[min_data_in_bin: 3]
[bin_construct_sample_cnt: 200000]
[data_random_seed: 175]
[is_enable_sparse: 1]
[enable_bundle: 1]
[use_missing: 1]
[zero_as_missing: 0]
[feature_pre_filter: 1]
[pre_partition: 0]
[two_round: 0]
[header: 0]
[label_column: ]
[weight_column: ]
[group_column: ]
[ignore_column: ]
[categorical_feature: ]
[forcedbins_filename: ]
[precise_float_parser: 0]
[parser_config_file: ]
[objective_seed: 16083]
[num_class: 1]
[is_unbalance: 0]
[scale_pos_weight: 1]
[sigmoid: 1]
[boost_from_average: 1]
[reg_sqrt: 0]
[alpha: 0.9]
[fair_c: 1]
[poisson_max_delta_step: 0.7]
[tweedie_variance_power: 1.5]
[lambdarank_truncation_level: 30]
[lambdarank_norm: 1]
[label_gain: ]
[lambdarank_position_bias_regularization: 0]
[eval_at: ]
[multi_error_top_k: 1]
[auc_mu_weights: ]
[num_machines: 1]
[local_listen_port: 12400]
[time_out: 120]
[machine_list_filename: ]
[machines: ]
[gpu_platform_id: -1]
[gpu_device_id: -1]
[gpu_device_id_list: ]
[gpu_use_dp: 0]
[num_gpu: 1]

end of parameters

pandas_categorical:null
